1204	0	31	1
ROADMAP 1
ROADMAP 2
ROADMAP 3
1	2	0	68
ROADMAP 4
2	0	25	70
ROADMAP 5
2	45	0	25
ROADMAP 6
-4	46	24	0
ROADMAP 7
ROADMAP 8
-7	23	69	22
ROADMAP 9
-6	0	22	-1
-1	31	69	53
ROADMAP 10
-7	0	27	-1
3	0	0	2
1	0	0	40
ROADMAP 11
-7	0	40	-1
3	0	0	2
1	0	0	27
ROADMAP 12
-6	0	14	-1
9	0	0	31
-1	0	69	45
ROADMAP 13
8	14	0	23
-7	14	69	36
ROADMAP 14
2	0	48	70
4	0	0	25
-6	0	45	22
ROADMAP 15
-7	0	33	-1
3	0	0	2
1	0	0	34
ROADMAP 16
-6	0	36	-1
9	0	0	31
-1	0	69	67
ROADMAP 17
5	0	22	45
2	0	0	47
ROADMAP 18
1	0	56	70
-9	0	30	-1
6	0	0	25
ROADMAP 19
ROADMAP 20
-1	0	16	-1
-3	0	1	-1
7	0	0	51
ROADMAP 21
7	0	18	70
-8	0	22	4
ROADMAP 22
13	10	0	14
8	10	0	23
-7	10	69	46
ROADMAP 23
2	0	4	70
4	0	0	4
ROADMAP 24
-9	0	7	-1
6	0	0	46
-4	0	24	8
ROADMAP 25
-1	0	22	-1
-3	0	1	-1
7	0	0	45
ROADMAP 26
19	0	51	70
22	21	0	10
13	21	0	14
8	21	0	6
ROADMAP 27
19	0	38	70
26	0	0	21
22	0	0	10
13	0	0	7
ROADMAP 28
-1	0	43	-1
-3	0	1	-1
7	0	0	24
ROADMAP 29
-6	0	31	-1
9	0	0	31
-1	0	69	62
ROADMAP 30
13	0	5	14
8	0	0	23
-7	0	69	31
ROADMAP 31
-1	0	47	-1
-3	0	1	-1
7	0	0	20
ROADMAP 32
-7	0	55	-1
3	0	0	2
1	0	0	12
ROADMAP 33
13	0	0	14
8	0	0	23
-7	0	69	36
ROADMAP 34
-1	0	54	-1
-3	0	1	-1
7	0	0	13
ROADMAP 35
-6	0	37	-1
9	0	0	31
-1	0	69	68
ROADMAP 36
8	0	7	23
-7	0	69	15
ROADMAP 37
7	0	39	70
-8	0	22	-1
-13	0	13	-1
-22	0	9	7
ROADMAP 38
19	0	27	70
26	0	0	21
22	0	0	6
ROADMAP 39
-7	0	30	-1
3	0	0	2
1	0	0	37
ROADMAP 40
-1	0	37	-1
-3	0	1	-1
7	0	0	30
ROADMAP 41
2	0	17	70
4	0	0	17
ROADMAP 42
1	0	8	70
-9	0	30	22
ROADMAP 43
-1	0	10	-1
-3	0	1	-1
7	0	0	57
ROADMAP 44
19	0	2	70
26	0	0	2
ROADMAP 45
4	0	13	25
-6	0	45	-1
9	0	0	12
ROADMAP 46
-7	0	29	-1
3	0	0	2
1	0	0	38
ROADMAP 47
-7	0	11	-1
3	0	0	2
1	0	0	56
ROADMAP 48
-6	0	24	-1
9	0	0	31
-1	0	69	55
ROADMAP 49
-1	0	5	-1
-3	0	1	-1
7	0	0	62
ROADMAP 50
13	0	1	14
8	0	0	23
-7	0	69	35
ROADMAP 51
7	0	14	70
-8	0	22	8
ROADMAP 52
19	0	61	70
26	0	0	21
22	0	0	10
13	0	0	14
8	0	0	16
ROADMAP 53
-1	0	10	-1
-3	0	1	-1
7	0	0	57
ROADMAP 54
-7	0	36	-1
3	0	0	2
1	0	0	31
ROADMAP 55
-7	0	45	-1
3	0	0	2
1	0	0	22
ROADMAP 56
-6	0	37	-1
9	0	0	31
-1	0	69	68
ROADMAP 57
8	0	2	23
-7	0	69	20
ROADMAP 58
4	0	22	25
-6	0	45	-1
9	0	0	21
ROADMAP 59
-1	0	58	-1
-3	0	1	-1
7	0	0	9
ROADMAP 60
19	0	13	70
26	0	0	13
ROADMAP 61
-7	0	16	-1
3	0	0	2
1	0	0	51
ROADMAP 62
-6	0	28	-1
9	0	0	31
-1	0	69	59
ROADMAP 63
19	0	49	70
26	0	0	21
22	0	0	10
13	0	0	14
8	0	0	4
ROADMAP 64
-1	0	9	-1
-3	0	1	-1
7	0	0	58
ROADMAP 65
13	0	4	14
8	0	0	23
-7	0	69	32
ROADMAP 66
9	0	10	31
-1	0	69	20
ROADMAP 67
19	0	68	70
26	0	0	21
22	0	0	10
13	0	0	14
8	0	0	23
ROADMAP 68
-6	0	21	-1
9	0	0	31
-1	0	69	52
ROADMAP 69
19	0	13	70
26	0	0	13
ROADMAP 70
-13	0	11	-1
-22	0	9	-1
-26	0	20	-1
-19	0	69	42
ROADMAP 71
19	0	52	70
26	0	0	21
22	0	0	10
13	0	0	14
8	0	0	7
ROADMAP 72
9	0	0	31
-1	0	69	30
ROADMAP 73
8	0	11	23
-7	0	69	11
ROADMAP 74
9	0	1	31
-1	0	69	29
ROADMAP 75
9	0	6	31
-1	0	69	24
ROADMAP 76
13	0	11	14
8	0	0	23
-7	0	69	25
ROADMAP 77
5	0	42	45
2	0	0	67
ROADMAP 78
-9	0	15	-1
6	0	0	46
-4	0	24	16
ROADMAP 79
5	0	33	45
2	0	0	58
ROADMAP 80
1	0	63	70
-9	0	30	-1
6	0	0	32
ROADMAP 81
8	0	2	23
-7	0	69	20
ROADMAP 82
-6	0	1	-1
9	0	0	31
-1	0	69	32
ROADMAP 83
2	0	43	70
4	0	0	25
-6	0	45	27
ROADMAP 84
-9	0	27	-1
6	0	0	42
ROADMAP 85
-6	0	11	-1
9	0	0	31
-1	0	69	42
ROADMAP 86
-7	0	60	-1
3	0	0	2
1	0	0	7
ROADMAP 87
1	0	1	70
-9	0	30	29
ROADMAP 88
5	0	36	45
2	0	0	61
ROADMAP 89
4	0	9	25
-6	0	45	-1
9	0	0	8
ROADMAP 90
1	0	5	70
-9	0	30	25
ROADMAP 91
5	0	16	45
2	0	0	41
ROADMAP 92
1	0	60	70
-9	0	30	-1
6	0	0	29
ROADMAP 93
2	0	0	70
ROADMAP 94
-2	0	68	-1
-5	0	44	43
ROADMAP 95
8	0	4	23
-7	0	69	18
ROADMAP 96
-1	0	28	-1
-3	0	1	-1
7	0	0	39
ROADMAP 97
1	0	45	70
-9	0	30	-1
6	0	0	14
ROADMAP 98
5	0	11	45
2	0	0	36
ROADMAP 99
4	0	6	25
-6	0	45	-1
9	0	0	5
ROADMAP 100
-7	0	9	-1
3	0	0	2
1	0	0	58
ROADMAP 101
19	0	32	70
26	0	0	21
22	0	0	10
13	0	0	1
ROADMAP 102
7	0	14	70
-8	0	22	8
ROADMAP 103
5	0	21	45
2	0	0	46
ROADMAP 104
1	0	55	70
-9	0	30	-1
6	0	0	24
ROADMAP 105
-7	0	52	-1
3	0	0	2
1	0	0	15
ROADMAP 106
4	0	19	25
-6	0	45	-1
9	0	0	18
ROADMAP 107
19	0	37	70
26	0	0	21
22	0	0	10
13	0	0	6
ROADMAP 108
7	0	40	70
-8	0	22	-1
-13	0	13	-1
-22	0	9	6
ROADMAP 109
19	0	0	70
ROADMAP 110
7	0	26	70
-8	0	22	-1
-13	0	13	10
ROADMAP 111
-1	0	44	-1
-3	0	1	-1
7	0	0	23
ROADMAP 112
19	0	40	70
26	0	0	21
22	0	0	10
13	0	0	9
ROADMAP 113
-7	0	35	-1
3	0	0	2
1	0	0	32
ROADMAP 114
4	0	4	25
-6	0	45	-1
9	0	0	3
ROADMAP 115
7	0	67	70
-8	0	22	-1
-13	0	13	-1
-22	0	9	-1
-26	0	20	0
ROADMAP 116
19	0	42	70
26	0	0	21
22	0	0	10
13	0	0	11
ROADMAP 117
19	0	62	70
26	0	0	21
22	0	0	10
13	0	0	14
8	0	0	17
ROADMAP 118
7	0	5	70
-8	0	22	17
ROADMAP 119
1	0	35	70
-9	0	30	-1
6	0	0	4
ROADMAP 120
2	0	19	70
4	0	0	19
ROADMAP 121
5	0	44	45
2	0	0	69
ROADMAP 122
1	0	37	70
-9	0	30	-1
6	0	0	6
ROADMAP 123
7	0	7	70
-8	0	22	15
ROADMAP 124
19	0	24	70
26	0	0	21
22	0	0	3
ROADMAP 125
4	0	12	25
-6	0	45	-1
9	0	0	11
ROADMAP 126
-7	0	11	-1
3	0	0	2
1	0	0	56
ROADMAP 127
-1	0	57	-1
-3	0	1	-1
7	0	0	10
ROADMAP 128
-7	0	66	-1
3	0	0	2
1	0	0	1
ROADMAP 129
-1	0	58	-1
-3	0	1	-1
7	0	0	9
ROADMAP 130
22	0	1	10
13	0	0	14
8	0	0	23
-7	0	69	45
ROADMAP 131
-1	0	38	-1
-3	0	1	-1
7	0	0	29
ROADMAP 132
26	0	10	21
22	0	0	10
13	0	0	14
8	0	0	23
-7	0	69	57
ROADMAP 133
2	0	45	70
4	0	0	25
-6	0	45	25
ROADMAP 134
-7	0	28	-1
3	0	0	2
1	0	0	39
ROADMAP 135
-1	0	48	-1
-3	0	1	-1
7	0	0	19
ROADMAP 136
-7	0	57	-1
3	0	0	2
1	0	0	10
ROADMAP 137
-4	0	24	-1
-2	0	69	24
ROADMAP 138
2	0	22	70
4	0	0	22
ROADMAP 139
9	0	24	31
-1	0	69	6
ROADMAP 140
-7	0	37	-1
3	0	0	2
1	0	0	30
ROADMAP 141
-6	0	40	-1
9	0	0	29
ROADMAP 142
-7	0	57	-1
3	0	0	2
1	0	0	10
ROADMAP 143
2	0	14	70
4	0	0	14
ROADMAP 144
-9	0	0	-1
6	0	0	46
-4	0	24	1
ROADMAP 145
7	0	45	70
-8	0	22	-1
-13	0	13	-1
-22	0	9	1
ROADMAP 146
19	0	20	70
26	0	0	20
ROADMAP 147
2	0	48	70
4	0	0	25
-6	0	45	22
ROADMAP 148
-9	0	8	-1
6	0	0	46
-4	0	24	9
ROADMAP 149
-7	0	40	-1
3	0	0	2
1	0	0	27
ROADMAP 150
2	0	26	70
4	0	0	25
-6	0	45	44
ROADMAP 151
-1	0	50	-1
-3	0	1	-1
7	0	0	17
ROADMAP 152
22	0	5	10
13	0	0	14
8	0	0	23
-7	0	69	41
ROADMAP 153
-7	0	16	-1
3	0	0	2
1	0	0	51
ROADMAP 154
-6	0	34	-1
9	0	0	31
-1	0	69	65
ROADMAP 155
-1	0	29	-1
-3	0	1	-1
7	0	0	38
ROADMAP 156
19	0	29	70
26	0	0	21
22	0	0	8
ROADMAP 157
-7	0	37	-1
3	0	0	2
1	0	0	30
ROADMAP 158
-6	0	27	-1
9	0	0	31
-1	0	69	58
ROADMAP 159
2	0	15	70
4	0	0	15
ROADMAP 160
-7	0	14	-1
3	0	0	2
1	0	0	53
ROADMAP 161
19	0	12	70
26	0	0	12
ROADMAP 162
7	0	26	70
-8	0	22	-1
-13	0	13	10
ROADMAP 163
22	0	4	10
13	0	0	14
8	0	0	23
-7	0	69	42
ROADMAP 164
9	0	0	31
-1	0	69	30
ROADMAP 165
9	0	9	31
-1	0	69	21
ROADMAP 166
-7	0	67	-1
3	0	0	2
ROADMAP 167
2	0	68	70
4	0	0	25
-6	0	45	2
ROADMAP 168
-7	0	30	-1
3	0	0	2
1	0	0	37
ROADMAP 169
26	0	15	21
22	0	0	10
13	0	0	14
8	0	0	23
-7	0	69	52
ROADMAP 170
4	0	3	25
-6	0	45	-1
9	0	0	2
ROADMAP 171
9	0	14	31
-1	0	69	16
ROADMAP 172
-7	0	65	-1
3	0	0	2
1	0	0	2
ROADMAP 173
2	0	31	70
4	0	0	25
-6	0	45	39
ROADMAP 174
-9	0	18	-1
6	0	0	46
-4	0	24	19
ROADMAP 175
-1	0	1	-1
-3	0	1	-1
7	0	0	66
ROADMAP 176
19	0	34	70
26	0	0	21
22	0	0	10
13	0	0	3
ROADMAP 177
9	0	30	31
-1	0	69	0
ROADMAP 178
22	0	5	10
13	0	0	14
8	0	0	23
-7	0	69	41
ROADMAP 179
2	0	3	70
4	0	0	3
ROADMAP 180
6	0	1	46
-4	0	24	-1
ROADMAP 181
5	0	42	45
2	0	0	67
ROADMAP 182
1	0	37	70
-9	0	30	-1
6	0	0	6
ROADMAP 183
5	0	35	45
2	0	0	60
ROADMAP 184
1	0	68	70
-9	0	30	-1
6	0	0	37
ROADMAP 185
1	0	49	70
-9	0	30	-1
6	0	0	18
ROADMAP 186
5	0	16	45
2	0	0	41
ROADMAP 187
2	0	68	70
4	0	0	25
-6	0	45	2
ROADMAP 188
-7	0	50	-1
3	0	0	2
1	0	0	17
ROADMAP 189
19	2	0	68
ROADMAP 190
7	0	5	70
-8	0	22	17
ROADMAP 191
-6	0	16	-1
9	0	0	31
-1	0	69	47
ROADMAP 192
13	0	8	14
8	0	0	23
-7	0	69	28
ROADMAP 193
189	2	0	2
19	2	0	66
ROADMAP 194
-8	0	6	-1
-13	0	13	-1
-22	0	9	-1
-26	0	20	-1
-19	0	69	51
ROADMAP 195
-9	0	25	-1
6	0	0	44
ROADMAP 196
5	0	7	45
2	0	0	32
ROADMAP 197
5	0	26	45
2	0	0	51
ROADMAP 198
1	0	66	70
-9	0	30	-1
6	0	0	35
ROADMAP 199
3	0	0	2
1	0	0	68
ROADMAP 200
2	0	49	70
4	0	0	25
-6	0	45	21
ROADMAP 201
5	0	43	45
2	0	0	68
ROADMAP 202
-7	0	30	-1
3	0	0	2
1	0	0	37
ROADMAP 203
26	0	16	21
22	0	0	10
13	0	0	14
8	0	0	23
-7	0	69	51
ROADMAP 204
7	0	10	70
-8	0	22	12
ROADMAP 205
9	0	4	31
-1	0	69	26
ROADMAP 206
8	0	19	23
-7	0	69	3
ROADMAP 207
19	0	14	70
26	0	0	14
ROADMAP 208
7	0	33	70
-8	0	22	-1
-13	0	13	3
ROADMAP 209
7	0	9	70
-8	0	22	13
ROADMAP 210
19	0	42	70
26	0	0	21
22	0	0	10
13	0	0	11
ROADMAP 211
2	0	50	70
4	0	0	25
-6	0	45	20
ROADMAP 212
1	0	53	70
-9	0	30	-1
6	0	0	22
ROADMAP 213
2	0	11	70
4	0	0	11
ROADMAP 214
6	0	6	46
-4	0	24	-1
-2	0	69	64
ROADMAP 215
5	0	27	45
2	0	0	52
ROADMAP 216
1	0	23	70
-9	0	30	7
ROADMAP 217
19	0	65	70
26	0	0	21
22	0	0	10
13	0	0	14
8	0	0	20
ROADMAP 218
7	0	4	70
-8	0	22	18
ROADMAP 219
-1	0	4	-1
-3	0	1	-1
7	0	0	63
ROADMAP 220
26	0	6	21
22	0	0	10
13	0	0	14
8	0	0	23
-7	0	69	61
ROADMAP 221
5	0	40	45
2	0	0	65
ROADMAP 222
-9	0	19	-1
6	0	0	46
-4	0	24	20
ROADMAP 223
9	0	13	31
-1	0	69	17
ROADMAP 224
13	0	4	14
8	0	0	23
-7	0	69	32
ROADMAP 225
2	0	17	70
4	0	0	17
ROADMAP 226
1	0	18	70
-9	0	30	12
ROADMAP 227
1	0	12	70
-9	0	30	18
ROADMAP 228
2	0	64	70
4	0	0	25
-6	0	45	6
ROADMAP 229
-7	0	51	-1
3	0	0	2
1	0	0	16
ROADMAP 230
9	0	19	31
-1	0	69	11
ROADMAP 231
7	0	10	70
-8	0	22	12
ROADMAP 232
-7	0	43	-1
3	0	0	2
1	0	0	24
ROADMAP 233
8	0	0	23
-7	0	69	22
ROADMAP 234
-6	0	6	-1
9	0	0	31
-1	0	69	37
ROADMAP 235
-7	0	2	-1
3	0	0	2
1	0	0	65
ROADMAP 236
2	0	19	70
4	0	0	19
ROADMAP 237
6	0	23	46
-4	0	24	-1
-2	0	69	47
ROADMAP 238
2	0	2	70
4	0	0	2
ROADMAP 239
2	0	25	70
4	0	0	25
ROADMAP 240
1	0	29	70
-9	0	30	1
ROADMAP 241
2	0	43	70
4	0	0	25
-6	0	45	27
ROADMAP 242
1	0	47	70
-9	0	30	-1
6	0	0	16
ROADMAP 243
2	0	31	70
4	0	0	25
-6	0	45	39
ROADMAP 244
-7	0	12	-1
3	0	0	2
1	0	0	55
ROADMAP 245
1	0	10	70
-9	0	30	20
ROADMAP 246
4	0	4	25
-6	0	45	-1
9	0	0	3
ROADMAP 247
9	0	3	31
-1	0	69	27
ROADMAP 248
-7	0	57	-1
3	0	0	2
1	0	0	10
ROADMAP 249
1	0	47	70
-9	0	30	-1
6	0	0	16
ROADMAP 250
4	0	18	25
-6	0	45	-1
9	0	0	17
ROADMAP 251
-6	0	2	-1
9	0	0	31
-1	0	69	33
ROADMAP 252
-7	0	61	-1
3	0	0	2
1	0	0	6
ROADMAP 253
1	0	66	70
-9	0	30	-1
6	0	0	35
ROADMAP 254
5	0	42	45
2	0	0	67
ROADMAP 255
19	0	6	70
26	0	0	6
ROADMAP 256
7	0	25	70
-8	0	22	-1
-13	0	13	11
ROADMAP 257
5	13	0	45
2	13	0	12
ROADMAP 258
1	0	32	70
-9	0	30	-1
6	0	0	1
ROADMAP 259
-6	0	23	-1
9	0	0	31
-1	0	69	54
ROADMAP 260
8	0	4	23
-7	0	69	18
ROADMAP 261
2	0	1	70
4	0	0	1
ROADMAP 262
1	0	45	70
-9	0	30	-1
6	0	0	14
ROADMAP 263
-7	0	37	-1
3	0	0	2
1	0	0	30
ROADMAP 264
-6	0	39	-1
9	0	0	30
ROADMAP 265
9	0	18	31
-1	0	69	12
ROADMAP 266
19	0	67	70
26	0	0	21
22	0	0	10
13	0	0	14
8	0	0	22
ROADMAP 267
7	0	27	70
-8	0	22	-1
-13	0	13	9
ROADMAP 268
19	0	23	70
26	0	0	21
22	0	0	2
ROADMAP 269
1	0	68	70
-9	0	30	-1
6	0	0	37
ROADMAP 270
2	0	30	70
4	0	0	25
-6	0	45	40
ROADMAP 271
7	0	20	70
-8	0	22	2
ROADMAP 272
19	0	14	70
26	0	0	14
ROADMAP 273
-6	0	29	-1
9	0	0	31
-1	0	69	60
ROADMAP 274
1	0	14	70
-9	0	30	16
ROADMAP 275
2	0	34	70
4	0	0	25
-6	0	45	36
ROADMAP 276
8	0	0	23
-7	0	69	22
ROADMAP 277
-7	0	41	-1
3	0	0	2
1	0	0	26
ROADMAP 278
-6	0	18	-1
9	0	0	31
-1	0	69	49
ROADMAP 279
-9	0	4	-1
6	0	0	46
-4	0	24	5
ROADMAP 280
2	0	1	70
4	0	0	1
ROADMAP 281
22	0	6	10
13	0	0	14
8	0	0	23
-7	0	69	40
ROADMAP 282
-1	0	23	-1
-3	0	1	-1
7	0	0	44
ROADMAP 283
1	0	39	70
-9	0	30	-1
6	0	0	8
ROADMAP 284
5	0	12	45
2	0	0	37
ROADMAP 285
189	0	0	2
19	0	0	68
ROADMAP 286
-22	0	7	-1
-26	0	20	-1
-19	0	69	28
ROADMAP 287
7	0	30	70
-8	0	22	-1
-13	0	13	6
ROADMAP 288
19	0	3	70
26	0	0	3
ROADMAP 289
8	0	21	23
-7	0	69	1
ROADMAP 290
7	0	6	70
-8	0	22	16
ROADMAP 291
4	0	1	25
-6	0	45	-1
ROADMAP 292
1	0	29	70
-9	0	30	1
ROADMAP 293
1	0	0	70
ROADMAP 294
5	0	39	45
2	0	0	64
ROADMAP 295
1	0	0	70
ROADMAP 296
-6	0	26	-1
9	0	0	31
-1	0	69	57
ROADMAP 297
6	0	36	46
-4	0	24	-1
-2	0	69	34
ROADMAP 298
2	0	58	70
4	0	0	25
-6	0	45	12
ROADMAP 299
9	0	18	31
-1	0	69	12
ROADMAP 300
19	0	37	70
26	0	0	21
22	0	0	10
13	0	0	6
ROADMAP 301
4	0	10	25
-6	0	45	-1
9	0	0	9
ROADMAP 302
-9	0	9	-1
6	0	0	46
-4	0	24	10
ROADMAP 303
1	0	53	70
-9	0	30	-1
6	0	0	22
ROADMAP 304
5	0	20	45
2	0	0	45
ROADMAP 305
-9	0	7	-1
6	0	0	46
-4	0	24	8
ROADMAP 306
2	0	7	70
4	0	0	7
ROADMAP 307
-7	0	51	-1
3	0	0	2
1	0	0	16
ROADMAP 308
2	0	18	70
4	0	0	18
ROADMAP 309
19	0	28	70
26	0	0	21
22	0	0	7
ROADMAP 310
9	0	25	31
-1	0	69	5
ROADMAP 311
257	0	0	13
5	0	0	45
2	0	0	12
ROADMAP 312
-4	0	0	-1
-2	0	69	0
ROADMAP 313
-7	0	24	-1
3	0	0	2
1	0	0	43
ROADMAP 314
4	0	16	25
-6	0	45	-1
9	0	0	15
ROADMAP 315
9	0	20	31
-1	0	69	10
ROADMAP 316
19	0	52	70
26	0	0	21
22	0	0	10
13	0	0	14
8	0	0	7
ROADMAP 317
8	0	14	23
-7	0	69	8
ROADMAP 318
-6	0	16	-1
9	0	0	31
-1	0	69	47
ROADMAP 319
7	0	2	70
-8	0	22	20
ROADMAP 320
8	0	15	23
-7	0	69	7
ROADMAP 321
-1	0	29	-1
-3	0	1	-1
7	0	0	38
ROADMAP 322
19	0	26	70
26	0	0	21
22	0	0	5
ROADMAP 323
2	0	47	70
4	0	0	25
-6	0	45	23
ROADMAP 324
1	0	42	70
-9	0	30	-1
6	0	0	11
ROADMAP 325
1	0	51	70
-9	0	30	-1
6	0	0	20
ROADMAP 326
5	0	7	45
2	0	0	32
ROADMAP 327
6	0	8	46
-4	0	24	-1
-2	0	69	62
ROADMAP 328
5	0	39	45
2	0	0	64
ROADMAP 329
193	6	0	2
189	6	0	2
19	6	0	60
ROADMAP 330
-1	0	48	-1
-3	0	1	-1
7	0	0	19
ROADMAP 331
-1	0	13	-1
-3	0	1	-1
7	0	0	54
ROADMAP 332
19	0	59	70
26	0	0	21
22	0	0	10
13	0	0	14
8	0	0	14
ROADMAP 333
1	0	47	70
-9	0	30	-1
6	0	0	16
ROADMAP 334
2	0	5	70
4	0	0	5
ROADMAP 335
6	0	36	46
-4	0	24	-1
-2	0	69	34
ROADMAP 336
5	0	15	45
2	0	0	40
ROADMAP 337
2	0	27	70
4	0	0	25
-6	0	45	43
ROADMAP 338
-9	0	5	-1
6	0	0	46
-4	0	24	6
ROADMAP 339
-1	0	69	-1
ROADMAP 340
8	0	1	23
-7	0	69	21
ROADMAP 341
-1	0	16	-1
-3	0	1	-1
7	0	0	51
ROADMAP 342
19	0	24	70
26	0	0	21
22	0	0	3
ROADMAP 343
-6	0	9	-1
9	0	0	31
-1	0	69	40
ROADMAP 344
19	0	69	70
26	0	0	21
22	0	0	10
13	0	0	14
8	0	0	23
-7	0	69	68
ROADMAP 345
1	0	19	70
-9	0	30	11
ROADMAP 346
4	0	12	25
-6	0	45	-1
9	0	0	11
ROADMAP 347
-6	0	21	-1
9	0	0	31
-1	0	69	52
ROADMAP 348
13	0	7	14
8	0	0	23
-7	0	69	29
ROADMAP 349
1	0	56	70
-9	0	30	-1
6	0	0	25
ROADMAP 350
5	0	28	45
2	0	0	53
ROADMAP 351
257	0	6	13
5	0	0	45
2	0	0	18
ROADMAP 352
-4	0	6	-1
-2	0	69	6
ROADMAP 353
-6	0	11	-1
9	0	0	31
-1	0	69	42
ROADMAP 354
-7	0	29	-1
3	0	0	2
1	0	0	38
ROADMAP 355
-9	0	13	-1
6	0	0	46
-4	0	24	14
ROADMAP 356
2	0	0	70
ROADMAP 357
5	0	23	45
2	0	0	48
ROADMAP 358
-9	0	14	-1
6	0	0	46
-4	0	24	15
ROADMAP 359
8	0	1	23
-7	0	69	21
ROADMAP 360
-6	0	9	-1
9	0	0	31
-1	0	69	40
ROADMAP 361
-8	0	22	-1
-13	0	13	-1
-22	0	9	-1
-26	0	20	-1
-19	0	69	67
ROADMAP 362
193	0	0	2
189	0	0	2
19	0	0	66
ROADMAP 363
-13	0	0	-1
-22	0	9	-1
-26	0	20	-1
-19	0	69	31
ROADMAP 364
19	0	2	70
26	0	0	2
ROADMAP 365
7	0	13	70
-8	0	22	9
ROADMAP 366
26	0	9	21
22	0	0	10
13	0	0	14
8	0	0	23
-7	0	69	58
ROADMAP 367
2	0	7	70
4	0	0	7
ROADMAP 368
1	0	44	70
-9	0	30	-1
6	0	0	13
ROADMAP 369
1	0	51	70
-9	0	30	-1
6	0	0	20
ROADMAP 370
2	0	26	70
4	0	0	25
-6	0	45	44
ROADMAP 371
19	0	45	70
26	0	0	21
22	0	0	10
13	0	0	14
ROADMAP 372
-1	0	35	-1
-3	0	1	-1
7	0	0	32
ROADMAP 373
-7	0	45	-1
3	0	0	2
1	0	0	22
ROADMAP 374
-6	0	15	-1
9	0	0	31
-1	0	69	46
ROADMAP 375
7	0	6	70
-8	0	22	16
ROADMAP 376
19	0	43	70
26	0	0	21
22	0	0	10
13	0	0	12
ROADMAP 377
-7	0	8	-1
3	0	0	2
1	0	0	59
ROADMAP 378
4	0	9	25
-6	0	45	-1
9	0	0	8
ROADMAP 379
9	0	14	31
-1	0	69	16
ROADMAP 380
19	0	25	70
26	0	0	21
22	0	0	4
ROADMAP 381
1	0	50	70
-9	0	30	-1
6	0	0	19
ROADMAP 382
2	0	32	70
4	0	0	25
-6	0	45	38
ROADMAP 383
-6	0	4	-1
9	0	0	31
-1	0	69	35
ROADMAP 384
19	0	68	70
26	0	0	21
22	0	0	10
13	0	0	14
8	0	0	23
ROADMAP 385
19	0	25	70
26	0	0	21
22	0	0	4
ROADMAP 386
-1	0	49	-1
-3	0	1	-1
7	0	0	18
ROADMAP 387
19	0	15	70
26	0	0	15
ROADMAP 388
7	0	8	70
-8	0	22	14
ROADMAP 389
-1	0	0	-1
-3	0	1	-1
7	0	0	67
ROADMAP 390
19	0	62	70
26	0	0	21
22	0	0	10
13	0	0	14
8	0	0	17
ROADMAP 391
2	0	25	70
4	0	0	25
ROADMAP 392
1	0	41	70
-9	0	30	-1
6	0	0	10
ROADMAP 393
-1	0	51	-1
-3	0	1	-1
7	0	0	16
ROADMAP 394
19	0	30	70
26	0	0	21
22	0	0	9
ROADMAP 395
1	0	57	70
-9	0	30	-1
6	0	0	26
ROADMAP 396
5	0	29	45
2	0	0	54
ROADMAP 397
19	0	19	70
26	0	0	19
ROADMAP 398
7	0	41	70
-8	0	22	-1
-13	0	13	-1
-22	0	9	5
ROADMAP 399
-6	0	24	-1
9	0	0	31
-1	0	69	55
ROADMAP 400
26	0	11	21
22	0	0	10
13	0	0	14
8	0	0	23
-7	0	69	56
ROADMAP 401
19	0	61	70
26	0	0	21
22	0	0	10
13	0	0	14
8	0	0	16
ROADMAP 402
-1	0	22	-1
-3	0	1	-1
7	0	0	45
ROADMAP 403
1	0	51	70
-9	0	30	-1
6	0	0	20
ROADMAP 404
9	0	0	31
-1	0	69	30
ROADMAP 405
2	0	16	70
4	0	0	16
ROADMAP 406
-7	0	0	-1
3	0	0	2
1	0	0	67
ROADMAP 407
-8	0	18	-1
-13	0	13	-1
-22	0	9	-1
-26	0	20	-1
-19	0	69	63
ROADMAP 408
193	0	1	2
189	0	0	2
19	0	0	67
ROADMAP 409
13	0	2	14
8	0	0	23
-7	0	69	34
ROADMAP 410
9	0	26	31
-1	0	69	4
ROADMAP 411
257	0	4	13
5	0	0	45
2	0	0	16
ROADMAP 412
-4	0	24	-1
-2	0	69	24
ROADMAP 413
4	0	2	25
-6	0	45	-1
9	0	0	1
ROADMAP 414
1	0	51	70
-9	0	30	-1
6	0	0	20
ROADMAP 415
-7	0	17	-1
3	0	0	2
1	0	0	50
ROADMAP 416
-6	0	36	-1
9	0	0	31
-1	0	69	67
ROADMAP 417
-6	0	30	-1
9	0	0	31
-1	0	69	61
ROADMAP 418
19	0	59	70
26	0	0	21
22	0	0	10
13	0	0	14
8	0	0	14
ROADMAP 419
-7	0	48	-1
3	0	0	2
1	0	0	19
ROADMAP 420
2	0	34	70
4	0	0	25
-6	0	45	36
ROADMAP 421
-7	0	29	-1
3	0	0	2
1	0	0	38
ROADMAP 422
2	0	67	70
4	0	0	25
-6	0	45	3
ROADMAP 423
1	0	49	70
-9	0	30	-1
6	0	0	18
ROADMAP 424
2	0	9	70
4	0	0	9
ROADMAP 425
9	0	18	31
-1	0	69	12
ROADMAP 426
-7	0	51	-1
3	0	0	2
1	0	0	16
ROADMAP 427
7	0	65	70
-8	0	22	-1
-13	0	13	-1
-22	0	9	-1
-26	0	20	2
ROADMAP 428
19	0	4	70
26	0	0	4
ROADMAP 429
19	0	69	70
26	0	0	21
22	0	0	10
13	0	0	14
8	0	0	23
-7	0	69	68
ROADMAP 430
-1	0	68	-1
-3	0	1	0
ROADMAP 431
2	0	20	70
4	0	0	20
ROADMAP 432
6	0	35	46
-4	0	24	-1
-2	0	69	35
ROADMAP 433
9	0	7	31
-1	0	69	23
ROADMAP 434
-7	0	66	-1
3	0	0	2
1	0	0	1
ROADMAP 435
2	0	27	70
4	0	0	25
-6	0	45	43
ROADMAP 436
1	0	56	70
-9	0	30	-1
6	0	0	25
ROADMAP 437
8	0	2	23
-7	0	69	20
ROADMAP 438
4	0	9	25
-6	0	45	-1
9	0	0	8
ROADMAP 439
2	0	51	70
4	0	0	25
-6	0	45	19
ROADMAP 440
1	0	27	70
-9	0	30	3
ROADMAP 441
-6	0	41	-1
9	0	0	28
ROADMAP 442
1	0	1	70
-9	0	30	29
ROADMAP 443
7	0	8	70
-8	0	22	14
ROADMAP 444
22	0	1	10
13	0	0	14
8	0	0	23
-7	0	69	45
ROADMAP 445
-4	0	18	-1
-2	0	69	18
ROADMAP 446
257	0	9	13
5	0	0	45
2	0	0	21
ROADMAP 447
9	0	22	31
-1	0	69	8
ROADMAP 448
19	0	59	70
26	0	0	21
22	0	0	10
13	0	0	14
8	0	0	14
ROADMAP 449
-7	0	43	-1
3	0	0	2
1	0	0	24
ROADMAP 450
9	0	25	31
-1	0	69	5
ROADMAP 451
-6	0	8	-1
9	0	0	31
-1	0	69	39
ROADMAP 452
8	0	20	23
-7	0	69	2
ROADMAP 453
-4	0	20	-1
-2	0	69	20
ROADMAP 454
5	0	17	45
2	0	0	42
ROADMAP 455
7	0	10	70
-8	0	22	12
ROADMAP 456
19	0	11	70
26	0	0	11
ROADMAP 457
2	0	9	70
4	0	0	9
ROADMAP 458
1	0	47	70
-9	0	30	-1
6	0	0	16
ROADMAP 459
6	0	22	46
-4	0	24	-1
-2	0	69	48
ROADMAP 460
5	0	6	45
2	0	0	31
ROADMAP 461
2	0	21	70
4	0	0	21
ROADMAP 462
1	0	2	70
-9	0	30	28
ROADMAP 463
26	0	14	21
22	0	0	10
13	0	0	14
8	0	0	23
-7	0	69	53
ROADMAP 464
-6	0	15	-1
9	0	0	31
-1	0	69	46
ROADMAP 465
7	0	54	70
-8	0	22	-1
-13	0	13	-1
-22	0	9	-1
-26	0	20	13
ROADMAP 466
19	0	49	70
26	0	0	21
22	0	0	10
13	0	0	14
8	0	0	4
ROADMAP 467
4	0	9	25
-6	0	45	-1
9	0	0	8
ROADMAP 468
-7	0	23	-1
3	0	0	2
1	0	0	44
ROADMAP 469
-8	0	22	-1
-13	0	13	-1
-22	0	9	-1
-26	0	20	-1
-19	0	69	67
ROADMAP 470
19	0	26	70
26	0	0	21
22	0	0	5
ROADMAP 471
19	0	60	70
26	0	0	21
22	0	0	10
13	0	0	14
8	0	0	15
ROADMAP 472
4	0	0	25
-6	0	45	0
ROADMAP 473
19	0	60	70
26	0	0	21
22	0	0	10
13	0	0	14
8	0	0	15
ROADMAP 474
7	0	37	70
-8	0	22	-1
-13	0	13	-1
ROADMAP 475
-1	0	6	-1
-3	0	1	-1
7	0	0	61
ROADMAP 476
22	0	4	10
13	0	0	14
8	0	0	23
-7	0	69	42
ROADMAP 477
26	0	15	21
22	0	0	10
13	0	0	14
8	0	0	23
-7	0	69	52
ROADMAP 478
4	0	16	25
-6	0	45	-1
9	0	0	15
ROADMAP 479
-9	0	28	-1
6	0	0	41
ROADMAP 480
5	0	8	45
2	0	0	33
ROADMAP 481
5	0	16	45
2	0	0	41
ROADMAP 482
-9	0	30	-1
6	0	0	39
ROADMAP 483
-7	0	42	-1
3	0	0	2
1	0	0	25
ROADMAP 484
-6	0	20	-1
9	0	0	31
-1	0	69	51
ROADMAP 485
1	0	33	70
-9	0	30	-1
6	0	0	2
ROADMAP 486
5	0	4	45
2	0	0	29
ROADMAP 487
-1	0	63	-1
-3	0	1	-1
7	0	0	4
ROADMAP 488
19	0	9	70
26	0	0	9
ROADMAP 489
-1	0	30	-1
-3	0	1	-1
7	0	0	37
ROADMAP 490
26	0	11	21
22	0	0	10
13	0	0	14
8	0	0	23
-7	0	69	56
ROADMAP 491
19	0	58	70
26	0	0	21
22	0	0	10
13	0	0	14
8	0	0	13
ROADMAP 492
-1	0	54	-1
-3	0	1	-1
7	0	0	13
ROADMAP 493
7	0	64	70
-8	0	22	-1
-13	0	13	-1
-22	0	9	-1
-26	0	20	3
ROADMAP 494
19	0	69	70
26	0	0	21
22	0	0	10
13	0	0	14
8	0	0	23
-7	0	69	68
ROADMAP 495
257	0	0	13
5	0	0	45
2	0	0	12
ROADMAP 496
6	0	43	46
-4	0	24	-1
-2	0	69	27
ROADMAP 497
6	0	11	46
-4	0	24	-1
-2	0	69	59
ROADMAP 498
2	0	7	70
4	0	0	7
ROADMAP 499
257	0	12	13
5	0	0	45
2	0	0	24
ROADMAP 500
-4	0	17	-1
-2	0	69	17
ROADMAP 501
-7	0	24	-1
3	0	0	2
1	0	0	43
ROADMAP 502
2	0	37	70
4	0	0	25
-6	0	45	33
ROADMAP 503
-7	0	48	-1
3	0	0	2
1	0	0	19
ROADMAP 504
-1	0	69	-1
ROADMAP 505
2	0	41	70
4	0	0	25
-6	0	45	29
ROADMAP 506
6	0	25	46
-4	0	24	-1
-2	0	69	45
ROADMAP 507
19	0	37	70
26	0	0	21
22	0	0	10
13	0	0	6
ROADMAP 508
7	0	3	70
-8	0	22	19
ROADMAP 509
9	0	25	31
-1	0	69	5
ROADMAP 510
-7	0	62	-1
3	0	0	2
1	0	0	5
ROADMAP 511
9	0	16	31
-1	0	69	14
ROADMAP 512
13	0	8	14
8	0	0	23
-7	0	69	28
ROADMAP 513
9	0	5	31
-1	0	69	25
ROADMAP 514
8	0	21	23
-7	0	69	1
ROADMAP 515
-7	0	25	-1
3	0	0	2
1	0	0	42
ROADMAP 516
-6	0	20	-1
9	0	0	31
-1	0	69	51
ROADMAP 517
22	0	8	10
13	0	0	14
8	0	0	23
-7	0	69	38
ROADMAP 518
-1	0	62	-1
-3	0	1	-1
7	0	0	5
ROADMAP 519
-9	0	1	-1
6	0	0	46
-4	0	24	2
ROADMAP 520
2	0	38	70
4	0	0	25
-6	0	45	32
ROADMAP 521
-6	0	6	-1
9	0	0	31
-1	0	69	37
ROADMAP 522
-7	0	28	-1
3	0	0	2
1	0	0	39
ROADMAP 523
7	0	42	70
-8	0	22	-1
-13	0	13	-1
-22	0	9	4
ROADMAP 524
19	0	15	70
26	0	0	15
ROADMAP 525
19	0	49	70
26	0	0	21
22	0	0	10
13	0	0	14
8	0	0	4
ROADMAP 526
7	0	53	70
-8	0	22	-1
-13	0	13	-1
-22	0	9	-1
-26	0	20	14
ROADMAP 527
19	0	23	70
26	0	0	21
22	0	0	2
ROADMAP 528
-1	0	64	-1
-3	0	1	-1
7	0	0	3
ROADMAP 529
-1	0	47	-1
-3	0	1	-1
7	0	0	20
ROADMAP 530
19	0	20	70
26	0	0	20
ROADMAP 531
-7	0	30	-1
3	0	0	2
1	0	0	37
ROADMAP 532
-6	0	0	-1
9	0	0	31
-1	0	69	31
ROADMAP 533
-9	0	25	-1
6	0	0	44
ROADMAP 534
5	0	4	45
2	0	0	29
ROADMAP 535
4	0	16	25
-6	0	45	-1
9	0	0	15
ROADMAP 536
1	0	41	70
-9	0	30	-1
6	0	0	10
ROADMAP 537
-1	0	44	-1
-3	0	1	-1
7	0	0	23
ROADMAP 538
8	0	14	23
-7	0	69	8
ROADMAP 539
-7	0	22	-1
3	0	0	2
1	0	0	45
ROADMAP 540
2	0	40	70
4	0	0	25
-6	0	45	30
ROADMAP 541
-4	0	20	-1
-2	0	69	20
ROADMAP 542
257	0	8	13
5	0	0	45
2	0	0	20
ROADMAP 543
2	0	59	70
4	0	0	25
-6	0	45	11
ROADMAP 544
-7	0	17	-1
3	0	0	2
1	0	0	50
ROADMAP 545
-1	0	61	-1
-3	0	1	-1
7	0	0	6
ROADMAP 546
189	0	0	2
19	0	0	68
ROADMAP 547
-1	0	54	-1
-3	0	1	-1
7	0	0	13
ROADMAP 548
-7	0	47	-1
3	0	0	2
1	0	0	20
ROADMAP 549
-2	0	15	-1
-5	0	44	-1
-257	0	12	3
ROADMAP 550
257	0	2	13
5	0	0	45
2	0	0	14
ROADMAP 551
22	0	8	10
13	0	0	14
8	0	0	23
-7	0	69	38
ROADMAP 552
-6	0	5	-1
9	0	0	31
-1	0	69	36
ROADMAP 553
-1	0	50	-1
-3	0	1	-1
7	0	0	17
ROADMAP 554
19	0	69	70
26	0	0	21
22	0	0	10
13	0	0	14
8	0	0	23
-7	0	69	68
ROADMAP 555
-6	0	29	-1
9	0	0	31
-1	0	69	60
ROADMAP 556
-7	0	45	-1
3	0	0	2
1	0	0	22
ROADMAP 557
-9	0	2	-1
6	0	0	46
-4	0	24	3
ROADMAP 558
2	0	25	70
4	0	0	25
ROADMAP 559
-7	0	26	-1
3	0	0	2
1	0	0	41
ROADMAP 560
9	0	13	31
-1	0	69	17
ROADMAP 561
9	0	10	31
-1	0	69	20
ROADMAP 562
8	0	21	23
-7	0	69	1
ROADMAP 563
1	0	17	70
-9	0	30	13
ROADMAP 564
5	0	30	45
2	0	0	55
ROADMAP 565
5	0	32	45
2	0	0	57
ROADMAP 566
1	0	47	70
-9	0	30	-1
6	0	0	16
ROADMAP 567
4	0	10	25
-6	0	45	-1
9	0	0	9
ROADMAP 568
1	0	58	70
-9	0	30	-1
6	0	0	27
ROADMAP 569
6	0	17	46
-4	0	24	-1
-2	0	69	53
ROADMAP 570
5	0	15	45
2	0	0	40
ROADMAP 571
257	0	4	13
5	0	0	45
2	0	0	16
ROADMAP 572
-4	0	24	-1
-2	0	69	24
ROADMAP 573
5	0	23	45
2	0	0	48
ROADMAP 574
-9	0	23	-1
6	0	0	46
ROADMAP 575
4	0	5	25
-6	0	45	-1
9	0	0	4
ROADMAP 576
-7	0	64	-1
3	0	0	2
1	0	0	3
ROADMAP 577
8	0	10	23
-7	0	69	12
ROADMAP 578
9	0	8	31
-1	0	69	22
ROADMAP 579
19	0	35	70
26	0	0	21
22	0	0	10
13	0	0	4
ROADMAP 580
7	0	37	70
-8	0	22	-1
-13	0	13	-1
ROADMAP 581
2	0	39	70
4	0	0	25
-6	0	45	31
ROADMAP 582
1	0	68	70
-9	0	30	-1
6	0	0	37
ROADMAP 583
-6	0	30	-1
9	0	0	31
-1	0	69	61
ROADMAP 584
1	0	13	70
-9	0	30	17
ROADMAP 585
9	0	7	31
-1	0	69	23
ROADMAP 586
8	0	1	23
-7	0	69	21
ROADMAP 587
4	0	14	25
-6	0	45	-1
9	0	0	13
ROADMAP 588
-7	0	12	-1
3	0	0	2
1	0	0	55
ROADMAP 589
7	0	4	70
-8	0	22	18
ROADMAP 590
19	0	18	70
26	0	0	18
ROADMAP 591
5	0	44	45
2	0	0	69
ROADMAP 592
6	0	31	46
-4	0	24	-1
-2	0	69	39
ROADMAP 593
2	0	11	70
4	0	0	11
ROADMAP 594
1	0	49	70
-9	0	30	-1
6	0	0	18
ROADMAP 595
-1	0	28	-1
-3	0	1	-1
7	0	0	39
ROADMAP 596
329	0	3	6
193	0	0	2
189	0	0	2
19	0	0	63
ROADMAP 597
-7	0	24	-1
3	0	0	2
1	0	0	43
ROADMAP 598
9	0	5	31
-1	0	69	25
ROADMAP 599
-7	0	40	-1
3	0	0	2
1	0	0	27
ROADMAP 600
2	0	20	70
4	0	0	20
ROADMAP 601
5	0	19	45
2	0	0	44
ROADMAP 602
1	0	17	70
-9	0	30	13
ROADMAP 603
-9	31	27	-1
6	31	0	11
ROADMAP 604
2	0	18	70
4	0	0	18
ROADMAP 605
-603	0	6	-1
-1	0	41	7
ROADMAP 606
8	3	19	23
-7	3	69	62
-7	36	29	20
-605	38	28	16
ROADMAP 607
5	0	44	45
2	0	0	69
ROADMAP 608
1	0	37	42
603	0	0	31
-9	0	27	-1
6	0	0	6
ROADMAP 609
-6	0	3	-1
9	0	0	28
-603	0	30	-1
-1	0	41	34
ROADMAP 610
19	0	54	70
26	0	0	5
ROADMAP 611
606	4	0	3
8	4	19	23
-7	4	69	62
606	4	3	36
-7	4	29	20
606	4	36	38
-605	4	28	20
ROADMAP 612
-6	0	9	-1
9	0	0	28
-603	0	30	-1
-1	0	41	40
ROADMAP 613
-6	0	31	-1
9	0	0	28
-603	0	30	20
ROADMAP 614
606	0	9	36
-7	0	29	20
606	0	36	38
-605	0	28	-1
1	0	8	11
ROADMAP 615
2	0	14	70
4	0	0	14
ROADMAP 616
-9	0	27	-1
6	0	0	42
ROADMAP 617
257	19	0	13
5	19	0	38
ROADMAP 618
6	0	19	46
-4	0	24	-1
-2	0	69	51
ROADMAP 619
605	0	15	29
-606	0	37	35
7	0	21	30
-606	0	35	2
7	0	63	70
-8	0	22	18
-606	0	2	1
ROADMAP 620
610	0	6	49
611	3	0	4
606	3	0	3
8	3	19	23
-7	3	69	62
606	3	3	9
ROADMAP 621
5	0	4	45
2	0	0	29
ROADMAP 622
6	0	31	46
-4	0	24	-1
-2	0	69	39
ROADMAP 623
617	0	3	19
257	0	0	13
5	0	0	41
ROADMAP 624
-2	0	56	-1
-5	0	44	31
ROADMAP 625
1	0	30	42
603	0	0	31
-9	0	27	0
ROADMAP 626
2	0	40	70
4	0	0	25
-6	0	45	30
ROADMAP 627
606	0	9	36
-7	0	29	20
606	0	36	38
-605	0	28	-1
1	0	8	11
ROADMAP 628
2	0	62	70
4	0	0	25
-6	0	45	8
ROADMAP 629
19	0	68	70
26	0	0	5
610	0	0	49
620	0	0	3
611	0	0	4
606	0	0	3
8	0	19	23
ROADMAP 630
-1	0	8	7
605	0	0	29
-606	0	37	35
7	0	21	30
-606	0	35	6
ROADMAP 631
19	0	24	70
26	0	0	5
610	0	0	19
ROADMAP 632
-606	0	19	2
7	0	63	70
-8	0	22	18
-606	0	2	-1
-611	0	3	-1
-620	0	2	-1
-610	0	48	16
ROADMAP 633
257	0	2	13
5	0	0	45
2	0	0	14
ROADMAP 634
6	0	30	46
-4	0	24	-1
-2	0	69	40
ROADMAP 635
603	0	20	31
-9	0	27	-1
6	0	0	31
ROADMAP 636
617	0	9	19
257	0	0	13
5	0	0	45
2	0	0	2
ROADMAP 637
-4	0	17	-1
-2	0	69	17
ROADMAP 638
617	0	1	19
257	0	0	13
5	0	0	39
ROADMAP 639
-6	0	35	-1
9	0	0	28
-603	0	30	24
ROADMAP 640
606	0	35	36
-7	0	29	20
606	0	36	38
-605	0	28	-1
1	0	8	37
ROADMAP 641
-6	0	15	-1
9	0	0	28
-603	0	30	4
ROADMAP 642
-7	0	64	62
606	0	3	36
-7	0	29	20
606	0	36	38
-605	0	28	4
ROADMAP 643
-6	0	32	-1
9	0	0	28
-603	0	30	21
ROADMAP 644
606	0	13	36
-7	0	29	20
606	0	36	38
-605	0	28	-1
1	0	8	15
ROADMAP 645
2	0	5	70
4	0	0	5
ROADMAP 646
-9	0	19	-1
6	0	0	46
-4	0	24	20
ROADMAP 647
603	0	0	31
-9	0	27	-1
6	0	0	11
ROADMAP 648
5	0	38	45
2	0	0	63
ROADMAP 649
610	0	31	49
620	0	0	3
611	0	0	4
606	0	0	3
8	0	19	23
-7	0	69	62
606	0	3	34
ROADMAP 650
-1	0	26	7
605	0	0	29
-606	0	37	35
7	0	21	30
-606	0	35	24
ROADMAP 651
610	0	21	49
620	0	0	3
611	0	0	4
606	0	0	3
8	0	19	23
-7	0	69	62
606	0	3	24
ROADMAP 652
-603	0	18	-1
-1	0	41	7
605	0	0	17
ROADMAP 653
-6	0	26	-1
9	0	0	28
-603	0	30	15
ROADMAP 654
606	0	10	36
-7	0	29	20
606	0	36	38
-605	0	28	-1
1	0	8	12
ROADMAP 655
-9	0	5	-1
6	0	0	46
-4	0	24	6
ROADMAP 656
2	0	40	70
4	0	0	25
-6	0	45	30
ROADMAP 657
606	0	1	3
8	0	19	23
-7	0	69	62
606	0	3	36
-7	0	29	20
606	0	36	38
-605	0	28	15
ROADMAP 658
4	0	22	25
-6	0	45	-1
9	0	0	21
ROADMAP 659
606	0	3	36
-7	0	29	20
606	0	36	38
-605	0	28	2
ROADMAP 660
-6	0	11	-1
9	0	0	28
-603	0	30	0
ROADMAP 661
4	0	9	25
-6	0	45	-1
9	0	0	8
ROADMAP 662
606	0	29	36
-7	0	29	20
606	0	36	38
-605	0	28	-1
1	0	8	31
ROADMAP 663
-603	0	3	-1
-1	0	41	7
605	0	0	29
-606	0	37	35
7	0	21	22
ROADMAP 664
19	0	27	70
26	0	0	5
610	0	0	22
ROADMAP 665
-605	0	18	-1
1	0	8	42
603	0	0	17
ROADMAP 666
-6	0	15	-1
9	0	0	28
-603	0	30	4
ROADMAP 667
605	0	7	29
-606	0	37	35
7	0	21	30
-606	0	35	2
7	0	63	67
ROADMAP 668
19	0	47	70
26	0	0	5
610	0	0	42
ROADMAP 669
-6	0	8	-1
9	0	0	28
-603	0	30	-1
-1	0	41	39
ROADMAP 670
610	0	14	49
620	0	0	3
611	0	0	4
606	0	0	3
8	0	19	23
-7	0	69	62
606	0	3	17
ROADMAP 671
617	0	3	19
257	0	0	13
5	0	0	41
ROADMAP 672
-4	0	16	-1
-2	0	69	16
ROADMAP 673
-4	0	13	-1
-2	0	69	13
ROADMAP 674
5	0	4	45
2	0	0	29
ROADMAP 675
610	0	40	49
620	0	0	3
611	0	0	4
606	0	0	3
8	0	19	23
-7	0	69	62
606	0	3	36
-7	0	29	22
ROADMAP 676
-606	0	14	2
7	0	63	70
-8	0	22	18
-606	0	2	-1
-611	0	3	-1
-620	0	2	-1
-610	0	48	11
ROADMAP 677
-6	0	24	-1
9	0	0	28
-603	0	30	13
ROADMAP 678
-605	0	20	-1
1	0	8	42
603	0	0	15
ROADMAP 679
610	0	25	49
620	0	0	3
611	0	0	4
606	0	0	3
8	0	19	23
-7	0	69	62
606	0	3	28
ROADMAP 680
-1	0	14	7
605	0	0	29
-606	0	37	35
7	0	21	30
-606	0	35	12
ROADMAP 681
9	0	22	28
-603	0	30	-1
-1	0	41	8
ROADMAP 682
610	0	35	49
620	0	0	3
611	0	0	4
606	0	0	3
8	0	19	23
-7	0	69	62
606	0	3	36
-7	0	29	27
ROADMAP 683
5	0	27	45
2	0	0	52
ROADMAP 684
6	0	27	46
-4	0	24	-1
-2	0	69	43
ROADMAP 685
1	0	14	42
603	0	0	31
-9	0	27	16
ROADMAP 686
4	0	24	25
-6	0	45	-1
9	0	0	23
ROADMAP 687
-7	0	21	20
606	0	36	38
-605	0	28	-1
1	0	8	42
603	0	0	4
ROADMAP 688
-6	0	43	-1
9	0	0	26
ROADMAP 689
-7	0	64	62
606	0	3	36
-7	0	29	20
606	0	36	38
-605	0	28	4
ROADMAP 690
-603	0	19	-1
-1	0	41	7
605	0	0	16
ROADMAP 691
19	0	37	70
26	0	0	5
610	0	0	32
ROADMAP 692
605	0	7	29
-606	0	37	35
7	0	21	30
-606	0	35	2
7	0	63	67
ROADMAP 693
7	0	27	30
-606	0	35	2
7	0	63	70
-8	0	22	18
-606	0	2	-1
-611	0	3	-1
-620	0	2	-1
-610	0	48	35
ROADMAP 694
19	0	29	70
26	0	0	5
610	0	0	24
ROADMAP 695
610	0	38	49
620	0	0	3
611	0	0	4
606	0	0	3
8	0	19	23
-7	0	69	62
606	0	3	36
-7	0	29	24
ROADMAP 696
-6	0	34	-1
9	0	0	28
-603	0	30	23
ROADMAP 697
5	0	24	45
2	0	0	49
ROADMAP 698
6	0	6	46
-4	0	24	-1
-2	0	69	64
ROADMAP 699
8	0	19	23
-7	0	69	62
606	0	3	36
-7	0	29	20
606	0	36	38
-605	0	28	13
ROADMAP 700
-6	0	41	-1
9	0	0	28
ROADMAP 701
610	0	15	49
620	0	0	3
611	0	0	4
606	0	0	3
8	0	19	23
-7	0	69	62
606	0	3	18
ROADMAP 702
-1	0	25	7
605	0	0	29
-606	0	37	35
7	0	21	30
-606	0	35	23
ROADMAP 703
4	0	20	25
-6	0	45	-1
9	0	0	19
ROADMAP 704
606	0	6	36
-7	0	29	20
606	0	36	38
-605	0	28	-1
ROADMAP 705
6	0	4	46
-4	0	24	-1
-2	0	69	66
ROADMAP 706
617	0	12	19
257	0	0	13
5	0	0	45
2	0	0	5
ROADMAP 707
606	0	34	36
-7	0	29	20
606	0	36	38
-605	0	28	-1
1	0	8	36
ROADMAP 708
-6	0	36	-1
9	0	0	28
-603	0	30	25
ROADMAP 709
19	0	23	70
26	0	0	5
610	0	0	18
ROADMAP 710
605	0	10	29
-606	0	37	35
7	0	21	30
-606	0	35	2
7	0	63	70
ROADMAP 711
-1	0	26	7
605	0	0	29
-606	0	37	35
7	0	21	30
-606	0	35	24
ROADMAP 712
610	0	44	49
620	0	0	3
611	0	0	4
606	0	0	3
8	0	19	23
-7	0	69	62
606	0	3	36
-7	0	29	20
606	0	36	38
ROADMAP 713
603	0	0	31
-9	0	27	-1
6	0	0	11
ROADMAP 714
-6	0	44	-1
9	0	0	25
ROADMAP 715
1	0	13	42
603	0	0	31
-9	0	27	17
ROADMAP 716
2	0	28	70
4	0	0	25
-6	0	45	42
ROADMAP 717
-603	0	12	-1
-1	0	41	7
605	0	0	23
ROADMAP 718
19	0	59	70
26	0	0	5
610	0	0	49
620	0	0	3
611	0	0	2
ROADMAP 719
610	0	28	49
620	0	0	3
611	0	0	4
606	0	0	3
8	0	19	23
-7	0	69	62
606	0	3	31
ROADMAP 720
-603	0	18	-1
-1	0	41	7
605	0	0	17
ROADMAP 721
-6	0	16	-1
9	0	0	28
-603	0	30	5
ROADMAP 722
606	0	19	36
-7	0	29	20
606	0	36	38
-605	0	28	-1
1	0	8	21
ROADMAP 723
-1	0	33	7
605	0	0	29
-606	0	37	35
7	0	21	30
-606	0	35	31
ROADMAP 724
19	0	25	70
26	0	0	5
610	0	0	20
ROADMAP 725
-6	0	13	-1
9	0	0	28
-603	0	30	2
ROADMAP 726
606	0	32	36
-7	0	29	20
606	0	36	38
-605	0	28	-1
1	0	8	34
ROADMAP 727
19	0	57	70
26	0	0	5
610	0	0	49
620	0	0	3
ROADMAP 728
-1	0	19	7
605	0	0	29
-606	0	37	35
7	0	21	30
-606	0	35	17
ROADMAP 729
-603	0	22	-1
-1	0	41	7
605	0	0	13
ROADMAP 730
19	0	30	70
26	0	0	5
610	0	0	25
ROADMAP 731
5	0	42	45
2	0	0	67
ROADMAP 732
-605	0	18	-1
1	0	8	42
603	0	0	17
ROADMAP 733
257	0	4	13
5	0	0	45
2	0	0	16
ROADMAP 734
6	0	22	46
-4	0	24	-1
-2	0	69	48
ROADMAP 735
5	0	5	45
2	0	0	30
ROADMAP 736
-2	0	28	-1
-5	0	44	3
ROADMAP 737
-6	0	3	-1
9	0	0	28
-603	0	30	-1
-1	0	41	34
ROADMAP 738
606	0	33	36
-7	0	29	20
606	0	36	38
-605	0	28	-1
1	0	8	35
ROADMAP 739
6	0	41	46
-4	0	24	-1
-2	0	69	29
ROADMAP 740
617	0	13	19
257	0	0	13
5	0	0	45
2	0	0	6
ROADMAP 741
1	0	18	42
603	0	0	31
-9	0	27	12
ROADMAP 742
4	0	1	25
-6	0	45	-1
ROADMAP 743
-6	0	45	-1
9	0	0	24
ROADMAP 744
-605	0	20	-1
1	0	8	42
603	0	0	15
ROADMAP 745
4	0	5	25
-6	0	45	-1
9	0	0	4
ROADMAP 746
606	0	32	36
-7	0	29	20
606	0	36	38
-605	0	28	-1
1	0	8	34
ROADMAP 747
610	0	23	49
620	0	0	3
611	0	0	4
606	0	0	3
8	0	19	23
-7	0	69	62
606	0	3	26
ROADMAP 748
-603	0	10	-1
-1	0	41	7
605	0	0	25
ROADMAP 749
2	0	9	70
4	0	0	9
ROADMAP 750
603	0	1	31
-9	0	27	-1
6	0	0	12
ROADMAP 751
1	0	26	42
603	0	0	31
-9	0	27	4
ROADMAP 752
4	0	8	25
-6	0	45	-1
9	0	0	7
ROADMAP 753
-4	0	11	-1
-2	0	69	11
ROADMAP 754
617	0	6	19
257	0	0	13
5	0	0	44
ROADMAP 755
9	0	11	28
-603	0	30	-1
-1	0	41	19
ROADMAP 756
610	0	45	49
620	0	0	3
611	0	0	4
606	0	0	3
8	0	19	23
-7	0	69	62
606	0	3	36
-7	0	29	20
606	0	36	38
-605	0	28	27
ROADMAP 757
2	0	53	70
4	0	0	25
-6	0	45	17
ROADMAP 758
1	0	17	42
603	0	0	31
-9	0	27	13
ROADMAP 759
4	0	18	25
-6	0	45	-1
9	0	0	17
ROADMAP 760
606	0	25	36
-7	0	29	20
606	0	36	38
-605	0	28	-1
1	0	8	27
ROADMAP 761
603	0	3	31
-9	0	27	-1
6	0	0	14
ROADMAP 762
5	0	30	45
2	0	0	55
ROADMAP 763
-6	0	24	-1
9	0	0	28
-603	0	30	13
ROADMAP 764
606	0	10	36
-7	0	29	20
606	0	36	38
-605	0	28	-1
1	0	8	12
ROADMAP 765
617	0	11	19
257	0	0	13
5	0	0	45
2	0	0	4
ROADMAP 766
603	0	28	31
-9	0	27	-1
6	0	0	39
ROADMAP 767
1	0	27	42
603	0	0	31
-9	0	27	3
ROADMAP 768
2	0	7	70
4	0	0	7
ROADMAP 769
19	0	14	70
26	0	0	5
610	0	0	9
ROADMAP 770
-8	0	22	18
-606	0	2	-1
-611	0	3	-1
-620	0	2	-1
-610	0	48	-1
-26	0	4	-1
-19	0	69	67
ROADMAP 771
-605	0	13	-1
1	0	8	42
603	0	0	22
ROADMAP 772
-6	0	3	-1
9	0	0	28
-603	0	30	-1
-1	0	41	34
ROADMAP 773
606	0	14	36
-7	0	29	20
606	0	36	38
-605	0	28	-1
1	0	8	16
ROADMAP 774
-6	0	7	-1
9	0	0	28
-603	0	30	-1
-1	0	41	38
ROADMAP 775
19	0	60	70
26	0	0	5
610	0	0	49
620	0	0	3
611	0	0	3
ROADMAP 776
-606	0	16	2
7	0	63	70
-8	0	22	18
-606	0	2	-1
-611	0	3	-1
-620	0	2	-1
-610	0	48	13
ROADMAP 777
-603	0	5	-1
-1	0	41	7
605	0	0	29
-606	0	37	36
ROADMAP 778
610	0	32	49
620	0	0	3
611	0	0	4
606	0	0	3
8	0	19	23
-7	0	69	62
606	0	3	35
ROADMAP 779
2	0	34	70
4	0	0	25
-6	0	45	36
ROADMAP 780
603	0	20	31
-9	0	27	-1
6	0	0	31
ROADMAP 781
19	0	53	70
26	0	0	5
610	0	0	48
ROADMAP 782
-603	0	26	-1
-1	0	41	7
605	0	0	9
ROADMAP 783
606	0	18	36
-7	0	29	20
606	0	36	38
-605	0	28	-1
1	0	8	20
ROADMAP 784
-6	0	24	-1
9	0	0	28
-603	0	30	13
ROADMAP 785
4	0	24	25
-6	0	45	-1
9	0	0	23
ROADMAP 786
606	0	23	36
-7	0	29	20
606	0	36	38
-605	0	28	-1
1	0	8	25
ROADMAP 787
-603	0	6	-1
-1	0	41	7
605	0	0	29
ROADMAP 788
19	0	16	70
26	0	0	5
610	0	0	11
ROADMAP 789
19	0	46	70
26	0	0	5
610	0	0	41
ROADMAP 790
-603	0	4	-1
-1	0	41	7
605	0	0	29
-606	0	37	35
ROADMAP 791
1	0	33	42
603	0	0	31
-9	0	27	-1
6	0	0	2
ROADMAP 792
2	0	52	70
4	0	0	25
-6	0	45	18
ROADMAP 793
4	0	0	25
-6	0	45	0
ROADMAP 794
1	0	35	42
603	0	0	31
-9	0	27	-1
6	0	0	4
ROADMAP 795
2	0	1	70
4	0	0	1
ROADMAP 796
1	0	34	42
603	0	0	31
-9	0	27	-1
6	0	0	3
ROADMAP 797
603	0	6	31
-9	0	27	-1
6	0	0	17
ROADMAP 798
2	0	52	70
4	0	0	25
-6	0	45	18
ROADMAP 799
-7	0	26	20
606	0	36	38
-605	0	28	-1
1	0	8	41
ROADMAP 800
-603	0	27	-1
-1	0	41	7
605	0	0	8
ROADMAP 801
-605	0	18	-1
1	0	8	42
603	0	0	17
ROADMAP 802
4	0	1	25
-6	0	45	-1
ROADMAP 803
617	0	8	19
257	0	0	13
5	0	0	45
2	0	0	1
ROADMAP 804
1	0	38	42
603	0	0	31
-9	0	27	-1
6	0	0	7
ROADMAP 805
603	0	23	31
-9	0	27	-1
6	0	0	34
ROADMAP 806
5	0	12	45
2	0	0	37
ROADMAP 807
603	0	23	31
-9	0	27	-1
6	0	0	34
ROADMAP 808
5	0	34	45
2	0	0	59
ROADMAP 809
2	0	58	70
4	0	0	25
-6	0	45	12
ROADMAP 810
-605	0	15	-1
1	0	8	42
603	0	0	20
ROADMAP 811
5	0	40	45
2	0	0	65
ROADMAP 812
-9	0	12	-1
6	0	0	46
-4	0	24	13
ROADMAP 813
5	0	0	45
2	0	0	25
ROADMAP 814
-4	0	4	-1
-2	0	69	4
ROADMAP 815
19	0	13	70
26	0	0	5
610	0	0	8
ROADMAP 816
-603	0	2	-1
-1	0	41	7
605	0	0	29
-606	0	37	35
7	0	21	23
ROADMAP 817
605	0	2	29
-606	0	37	35
7	0	21	30
-606	0	35	3
ROADMAP 818
19	0	24	70
26	0	0	5
610	0	0	19
ROADMAP 819
-6	0	13	-1
9	0	0	28
-603	0	30	2
ROADMAP 820
-605	0	6	-1
1	0	8	42
603	0	0	29
ROADMAP 821
-603	0	12	-1
-1	0	41	7
605	0	0	23
ROADMAP 822
-7	0	69	62
606	0	3	36
-7	0	29	20
606	0	36	38
-605	0	28	9
ROADMAP 823
7	0	68	70
-8	0	22	18
-606	0	2	-1
-611	0	3	-1
-620	0	2	-1
-610	0	48	-1
-26	0	4	-1
ROADMAP 824
610	0	1	49
620	0	0	3
611	0	0	4
606	0	0	3
8	0	19	23
-7	0	69	62
606	0	3	4
ROADMAP 825
19	0	36	70
26	0	0	5
610	0	0	31
ROADMAP 826
-603	0	12	-1
-1	0	41	7
605	0	0	23
ROADMAP 827
603	0	3	31
-9	0	27	-1
6	0	0	14
ROADMAP 828
9	0	3	28
-603	0	30	-1
-1	0	41	27
ROADMAP 829
-605	0	16	-1
1	0	8	42
603	0	0	19
ROADMAP 830
-6	0	34	-1
9	0	0	28
-603	0	30	23
ROADMAP 831
617	0	5	19
257	0	0	13
5	0	0	43
ROADMAP 832
-2	0	68	-1
-5	0	44	43
ROADMAP 833
5	0	33	45
2	0	0	58
ROADMAP 834
606	0	23	36
-7	0	29	20
606	0	36	38
-605	0	28	-1
1	0	8	25
ROADMAP 835
-9	0	13	-1
6	0	0	46
-4	0	24	14
ROADMAP 836
2	0	47	70
4	0	0	25
-6	0	45	23
ROADMAP 837
6	0	38	46
-4	0	24	-1
-2	0	69	32
ROADMAP 838
5	0	17	45
2	0	0	42
ROADMAP 839
605	0	0	29
-606	0	37	35
7	0	21	30
-606	0	35	5
ROADMAP 840
19	0	35	70
26	0	0	5
610	0	0	30
ROADMAP 841
606	0	8	36
-7	0	29	20
606	0	36	38
-605	0	28	-1
1	0	8	10
ROADMAP 842
9	0	23	28
-603	0	30	-1
-1	0	41	7
ROADMAP 843
-1	0	15	7
605	0	0	29
-606	0	37	35
7	0	21	30
-606	0	35	13
ROADMAP 844
610	0	44	49
620	0	0	3
611	0	0	4
606	0	0	3
8	0	19	23
-7	0	69	62
606	0	3	36
-7	0	29	20
606	0	36	38
ROADMAP 845
5	0	0	45
2	0	0	25
ROADMAP 846
-4	0	1	-1
-2	0	69	1
ROADMAP 847
605	0	15	29
-606	0	37	35
7	0	21	30
-606	0	35	2
7	0	63	70
-8	0	22	18
-606	0	2	1
ROADMAP 848
19	0	67	70
26	0	0	5
610	0	0	49
620	0	0	3
611	0	0	4
606	0	0	3
8	0	19	22
ROADMAP 849
2	0	56	70
4	0	0	25
-6	0	45	14
ROADMAP 850
1	0	19	42
603	0	0	31
-9	0	27	11
ROADMAP 851
19	0	69	70
26	0	0	5
610	0	0	49
620	0	0	3
611	0	0	4
606	0	0	3
8	0	19	23
-7	0	69	68
ROADMAP 852
-603	0	5	-1
-1	0	41	7
605	0	0	29
-606	0	37	36
ROADMAP 853
9	0	17	28
-603	0	30	-1
-1	0	41	13
ROADMAP 854
610	0	36	49
620	0	0	3
611	0	0	4
606	0	0	3
8	0	19	23
-7	0	69	62
606	0	3	36
-7	0	29	26
ROADMAP 855
5	0	7	45
2	0	0	32
ROADMAP 856
-2	0	55	-1
-5	0	44	30
ROADMAP 857
-605	0	28	-1
1	0	8	42
603	0	0	7
ROADMAP 858
257	0	7	13
5	0	0	45
2	0	0	19
ROADMAP 859
1	0	24	42
603	0	0	31
-9	0	27	6
ROADMAP 860
2	0	64	70
4	0	0	25
-6	0	45	6
ROADMAP 861
-603	0	6	-1
-1	0	41	7
605	0	0	29
ROADMAP 862
19	0	29	70
26	0	0	5
610	0	0	24
ROADMAP 863
-2	0	48	-1
-5	0	44	23
ROADMAP 864
617	0	11	19
257	0	0	13
5	0	0	45
2	0	0	4
ROADMAP 865
-2	0	2	-1
-5	0	44	-1
-257	0	12	-1
-617	0	18	9
ROADMAP 866
5	0	8	45
2	0	0	33
ROADMAP 867
-6	0	35	-1
9	0	0	28
-603	0	30	24
ROADMAP 868
606	0	15	36
-7	0	29	20
606	0	36	38
-605	0	28	-1
1	0	8	17
ROADMAP 869
-1	0	16	7
605	0	0	29
-606	0	37	35
7	0	21	30
-606	0	35	14
ROADMAP 870
610	0	26	49
620	0	0	3
611	0	0	4
606	0	0	3
8	0	19	23
-7	0	69	62
606	0	3	29
ROADMAP 871
-6	0	36	-1
9	0	0	28
-603	0	30	25
ROADMAP 872
606	0	12	36
-7	0	29	20
606	0	36	38
-605	0	28	-1
1	0	8	14
ROADMAP 873
19	0	31	70
26	0	0	5
610	0	0	26
ROADMAP 874
-1	0	19	7
605	0	0	29
-606	0	37	35
7	0	21	30
-606	0	35	17
ROADMAP 875
606	0	10	36
-7	0	29	20
606	0	36	38
-605	0	28	-1
1	0	8	12
ROADMAP 876
-6	0	15	-1
9	0	0	28
-603	0	30	4
ROADMAP 877
19	0	47	70
26	0	0	5
610	0	0	42
ROADMAP 878
-603	0	18	-1
-1	0	41	7
605	0	0	17
ROADMAP 879
610	0	18	49
620	0	0	3
611	0	0	4
606	0	0	3
8	0	19	23
-7	0	69	62
606	0	3	21
ROADMAP 880
-603	0	3	-1
-1	0	41	7
605	0	0	29
-606	0	37	35
7	0	21	22
ROADMAP 881
-6	0	30	-1
9	0	0	28
-603	0	30	19
ROADMAP 882
8	0	22	23
-7	0	69	62
606	0	3	36
-7	0	29	20
606	0	36	38
-605	0	28	10
ROADMAP 883
-1	0	36	7
605	0	0	29
-606	0	37	35
7	0	21	30
-606	0	35	34
ROADMAP 884
19	0	55	70
26	0	0	5
610	0	0	49
620	0	0	1
ROADMAP 885
617	0	11	19
257	0	0	13
5	0	0	45
2	0	0	4
ROADMAP 886
-4	0	17	-1
-2	0	69	17
ROADMAP 887
19	0	60	70
26	0	0	5
610	0	0	49
620	0	0	3
611	0	0	3
ROADMAP 888
-1	0	22	7
605	0	0	29
-606	0	37	35
7	0	21	30
-606	0	35	20
ROADMAP 889
19	0	20	70
26	0	0	5
610	0	0	15
ROADMAP 890
605	0	1	29
-606	0	37	35
7	0	21	30
-606	0	35	4
ROADMAP 891
-605	0	5	-1
1	0	8	42
603	0	0	30
ROADMAP 892
2	0	33	70
4	0	0	25
-6	0	45	37
ROADMAP 893
605	0	27	29
-606	0	37	35
7	0	21	30
-606	0	35	2
7	0	63	70
-8	0	22	18
-606	0	2	-1
-611	0	3	-1
-620	0	2	-1
-610	0	48	45
ROADMAP 894
19	0	43	70
26	0	0	5
610	0	0	38
ROADMAP 895
-7	0	66	62
606	0	3	36
-7	0	29	20
606	0	36	38
-605	0	28	6
ROADMAP 896
4	0	21	25
-6	0	45	-1
9	0	0	20
ROADMAP 897
2	0	0	70
ROADMAP 898
-605	0	2	-1
1	0	8	42
603	0	0	31
-9	0	27	25
ROADMAP 899
-605	0	25	-1
1	0	8	42
603	0	0	10
ROADMAP 900
-6	0	33	-1
9	0	0	28
-603	0	30	22
ROADMAP 901
5	0	19	45
2	0	0	44
ROADMAP 902
-2	0	59	-1
-5	0	44	34
ROADMAP 903
-603	0	5	-1
-1	0	41	7
605	0	0	29
-606	0	37	36
ROADMAP 904
610	0	14	49
620	0	0	3
611	0	0	4
606	0	0	3
8	0	19	23
-7	0	69	62
606	0	3	17
ROADMAP 905
-4	0	15	-1
-2	0	69	15
ROADMAP 906
5	0	29	45
2	0	0	54
ROADMAP 907
-4	0	13	-1
-2	0	69	13
ROADMAP 908
617	0	14	19
257	0	0	13
5	0	0	45
2	0	0	7
ROADMAP 909
5	0	16	45
2	0	0	41
ROADMAP 910
6	0	7	46
-4	0	24	-1
-2	0	69	63
ROADMAP 911
5	0	25	45
2	0	0	50
ROADMAP 912
-9	0	18	-1
6	0	0	46
-4	0	24	19
ROADMAP 913
9	0	11	28
-603	0	30	-1
-1	0	41	19
ROADMAP 914
-7	0	67	62
606	0	3	36
-7	0	29	20
606	0	36	38
-605	0	28	7
ROADMAP 915
-605	0	28	-1
1	0	8	42
603	0	0	7
ROADMAP 916
2	0	19	70
4	0	0	19
ROADMAP 917
1	0	26	42
603	0	0	31
-9	0	27	4
ROADMAP 918
5	0	35	45
2	0	0	60
ROADMAP 919
-605	0	20	-1
1	0	8	42
603	0	0	15
ROADMAP 920
2	0	60	70
4	0	0	25
-6	0	45	10
ROADMAP 921
606	0	24	36
-7	0	29	20
606	0	36	38
-605	0	28	-1
1	0	8	26
ROADMAP 922
2	0	67	70
4	0	0	25
-6	0	45	3
ROADMAP 923
19	0	29	70
26	0	0	5
610	0	0	24
ROADMAP 924
-606	0	27	2
7	0	63	70
-8	0	22	18
-606	0	2	-1
-611	0	3	-1
-620	0	2	-1
-610	0	48	24
ROADMAP 925
2	0	68	70
4	0	0	25
-6	0	45	2
ROADMAP 926
606	0	34	36
-7	0	29	20
606	0	36	38
-605	0	28	-1
1	0	8	36
ROADMAP 927
617	0	3	19
257	0	0	13
5	0	0	41
ROADMAP 928
6	0	32	46
-4	0	24	-1
-2	0	69	38
ROADMAP 929
1	0	30	42
603	0	0	31
-9	0	27	0
ROADMAP 930
2	0	41	70
4	0	0	25
-6	0	45	29
ROADMAP 931
5	0	3	45
2	0	0	28
ROADMAP 932
6	0	36	46
-4	0	24	-1
-2	0	69	34
ROADMAP 933
-1	0	28	7
605	0	0	29
-606	0	37	35
7	0	21	30
-606	0	35	26
ROADMAP 934
610	0	8	49
620	0	0	3
611	0	0	4
606	0	0	3
8	0	19	23
-7	0	69	62
606	0	3	11
ROADMAP 935
605	0	2	29
-606	0	37	35
7	0	21	30
-606	0	35	3
ROADMAP 936
610	0	6	49
620	0	0	3
611	0	0	4
606	0	0	3
8	0	19	23
-7	0	69	62
606	0	3	9
ROADMAP 937
605	0	6	29
-606	0	37	35
7	0	21	30
-606	0	35	2
7	0	63	66
ROADMAP 938
19	0	50	70
26	0	0	5
610	0	0	45
ROADMAP 939
-2	0	32	-1
-5	0	44	7
ROADMAP 940
257	0	5	13
5	0	0	45
2	0	0	17
ROADMAP 941
19	0	57	70
26	0	0	5
610	0	0	49
620	0	0	3
ROADMAP 942
-6	0	13	-1
9	0	0	28
-603	0	30	2
ROADMAP 943
5	0	21	45
2	0	0	46
ROADMAP 944
-2	0	43	-1
-5	0	44	18
ROADMAP 945
2	0	37	70
4	0	0	25
-6	0	45	33
ROADMAP 946
-605	0	17	-1
1	0	8	42
603	0	0	18
ROADMAP 947
9	0	9	28
-603	0	30	-1
-1	0	41	21
ROADMAP 948
606	0	27	36
-7	0	29	20
606	0	36	38
-605	0	28	-1
1	0	8	29
ROADMAP 949
606	0	32	36
-7	0	29	20
606	0	36	38
-605	0	28	-1
1	0	8	34
ROADMAP 950
9	0	17	28
-603	0	30	-1
-1	0	41	13
ROADMAP 951
19	0	15	70
26	0	0	5
610	0	0	10
ROADMAP 952
-1	0	16	7
605	0	0	29
-606	0	37	35
7	0	21	30
-606	0	35	14
ROADMAP 953
617	0	18	19
257	0	0	13
5	0	0	45
2	0	0	11
ROADMAP 954
6	0	10	46
-4	0	24	-1
-2	0	69	60
ROADMAP 955
-6	0	41	-1
9	0	0	28
ROADMAP 956
-605	0	22	-1
1	0	8	42
603	0	0	13
ROADMAP 957
610	0	20	49
620	0	0	3
611	0	0	4
606	0	0	3
8	0	19	23
-7	0	69	62
606	0	3	23
ROADMAP 958
9	0	25	28
-603	0	30	-1
-1	0	41	7
605	0	0	2
ROADMAP 959
611	0	3	4
606	0	0	3
8	0	19	23
-7	0	69	62
606	0	3	36
-7	0	29	20
606	0	36	38
-605	0	28	17
ROADMAP 960
4	0	17	25
-6	0	45	-1
9	0	0	16
ROADMAP 961
606	0	5	36
-7	0	29	20
606	0	36	38
-605	0	28	0
ROADMAP 962
9	0	1	28
-603	0	30	-1
-1	0	41	29
ROADMAP 963
7	0	23	30
-606	0	35	2
7	0	63	70
-8	0	22	18
-606	0	2	-1
-611	0	3	-1
-620	0	2	-1
-610	0	48	39
ROADMAP 964
19	0	37	70
26	0	0	5
610	0	0	32
ROADMAP 965
1	0	10	42
603	0	0	31
-9	0	27	20
ROADMAP 966
2	0	66	70
4	0	0	25
-6	0	45	4
ROADMAP 967
-603	0	7	-1
-1	0	41	7
605	0	0	28
ROADMAP 968
-7	0	69	62
606	0	3	36
-7	0	29	20
606	0	36	38
-605	0	28	9
ROADMAP 969
-1	0	14	7
605	0	0	29
-606	0	37	35
7	0	21	30
-606	0	35	12
ROADMAP 970
19	0	33	70
26	0	0	5
610	0	0	28
ROADMAP 971
610	0	30	49
620	0	0	3
611	0	0	4
606	0	0	3
8	0	19	23
-7	0	69	62
606	0	3	33
ROADMAP 972
-6	0	26	-1
9	0	0	28
-603	0	30	15
ROADMAP 973
606	0	35	36
-7	0	29	20
606	0	36	38
-605	0	28	-1
1	0	8	37
ROADMAP 974
5	0	42	45
2	0	0	67
ROADMAP 975
606	0	24	36
-7	0	29	20
606	0	36	38
-605	0	28	-1
1	0	8	26
ROADMAP 976
5	0	34	45
2	0	0	59
ROADMAP 977
606	0	13	36
-7	0	29	20
606	0	36	38
-605	0	28	-1
1	0	8	15
ROADMAP 978
2	0	58	70
4	0	0	25
-6	0	45	12
ROADMAP 979
19	0	68	70
26	0	0	5
610	0	0	49
620	0	0	3
611	0	0	4
606	0	0	3
8	0	19	23
ROADMAP 980
7	0	21	30
-606	0	35	2
7	0	63	70
-8	0	22	18
-606	0	2	-1
-611	0	3	-1
-620	0	2	-1
-610	0	48	41
ROADMAP 981
610	0	29	49
620	0	0	3
611	0	0	4
606	0	0	3
8	0	19	23
-7	0	69	62
606	0	3	32
ROADMAP 982
-603	0	26	-1
-1	0	41	7
605	0	0	9
ROADMAP 983
603	0	18	31
-9	0	27	-1
6	0	0	29
ROADMAP 984
4	0	5	25
-6	0	45	-1
9	0	0	4
ROADMAP 985
1	0	22	42
603	0	0	31
-9	0	27	8
ROADMAP 986
5	0	33	45
2	0	0	58
ROADMAP 987
-605	0	4	-1
1	0	8	42
603	0	0	31
ROADMAP 988
-6	0	22	-1
9	0	0	28
-603	0	30	11
ROADMAP 989
9	0	6	28
-603	0	30	-1
-1	0	41	24
ROADMAP 990
610	0	1	49
620	0	0	3
611	0	0	4
606	0	0	3
8	0	19	23
-7	0	69	62
606	0	3	4
ROADMAP 991
610	0	1	49
620	0	0	3
611	0	0	4
606	0	0	3
8	0	19	23
-7	0	69	62
606	0	3	4
ROADMAP 992
-6	0	2	-1
9	0	0	28
-603	0	30	-1
-1	0	41	33
ROADMAP 993
2	0	26	70
4	0	0	25
-6	0	45	44
ROADMAP 994
-605	0	14	-1
1	0	8	42
603	0	0	21
ROADMAP 995
2	0	0	70
ROADMAP 996
1	0	25	42
603	0	0	31
-9	0	27	5
ROADMAP 997
6	0	24	46
-4	0	24	-1
-2	0	69	46
ROADMAP 998
2	0	31	70
4	0	0	25
-6	0	45	39
ROADMAP 999
2	0	44	70
4	0	0	25
-6	0	45	26
ROADMAP 1000
603	0	0	31
-9	0	27	-1
6	0	0	11
ROADMAP 1001
-603	0	4	-1
-1	0	41	7
605	0	0	29
-606	0	37	35
ROADMAP 1002
610	0	19	49
620	0	0	3
611	0	0	4
606	0	0	3
8	0	19	23
-7	0	69	62
606	0	3	22
ROADMAP 1003
4	0	15	25
-6	0	45	-1
9	0	0	14
ROADMAP 1004
1	0	34	42
603	0	0	31
-9	0	27	-1
6	0	0	3
ROADMAP 1005
4	0	17	25
-6	0	45	-1
9	0	0	16
ROADMAP 1006
606	0	25	36
-7	0	29	20
606	0	36	38
-605	0	28	-1
1	0	8	27
ROADMAP 1007
617	0	15	19
257	0	0	13
5	0	0	45
2	0	0	8
ROADMAP 1008
-9	0	6	-1
6	0	0	46
-4	0	24	7
ROADMAP 1009
5	0	14	45
2	0	0	39
ROADMAP 1010
6	0	15	46
-4	0	24	-1
-2	0	69	55
ROADMAP 1011
-7	0	29	20
606	0	36	38
-605	0	28	-1
1	0	8	38
ROADMAP 1012
9	0	19	28
-603	0	30	-1
-1	0	41	11
ROADMAP 1013
617	1	0	19
257	1	0	13
5	1	0	37
ROADMAP 1014
6	0	26	46
-4	0	24	-1
-2	0	69	44
ROADMAP 1015
19	0	55	70
26	0	0	5
610	0	0	49
620	0	0	1
ROADMAP 1016
-1	0	23	7
605	0	0	29
-606	0	37	35
7	0	21	30
-606	0	35	21
ROADMAP 1017
1	0	10	42
603	0	0	31
-9	0	27	20
ROADMAP 1018
2	0	68	70
4	0	0	25
-6	0	45	2
ROADMAP 1019
19	0	22	70
26	0	0	5
610	0	0	17
ROADMAP 1020
9	0	25	28
-603	0	30	-1
-1	0	41	7
605	0	0	2
ROADMAP 1021
9	0	22	28
-603	0	30	-1
-1	0	41	8
ROADMAP 1022
-605	0	25	-1
1	0	8	42
603	0	0	10
ROADMAP 1023
5	0	44	45
2	0	0	69
ROADMAP 1024
-9	0	4	-1
6	0	0	46
-4	0	24	5
ROADMAP 1025
617	0	8	19
257	0	0	13
5	0	0	45
2	0	0	1
ROADMAP 1026
-2	0	52	-1
-5	0	44	27
ROADMAP 1027
9	0	26	28
-603	0	30	-1
-1	0	41	7
605	0	0	3
ROADMAP 1028
606	0	18	36
-7	0	29	20
606	0	36	38
-605	0	28	-1
1	0	8	20
ROADMAP 1029
-7	0	67	62
606	0	3	36
-7	0	29	20
606	0	36	38
-605	0	28	7
ROADMAP 1030
2	0	40	70
4	0	0	25
-6	0	45	30
ROADMAP 1031
6	0	40	46
-4	0	24	-1
-2	0	69	30
ROADMAP 1032
617	0	17	19
257	0	0	13
5	0	0	45
2	0	0	10
ROADMAP 1033
6	0	14	46
-4	0	24	-1
-2	0	69	56
ROADMAP 1034
5	0	6	45
2	0	0	31
ROADMAP 1035
606	0	13	36
-7	0	29	20
606	0	36	38
-605	0	28	-1
1	0	8	15
ROADMAP 1036
2	0	33	70
4	0	0	25
-6	0	45	37
ROADMAP 1037
610	0	16	49
620	0	0	3
611	0	0	4
606	0	0	3
8	0	19	23
-7	0	69	62
606	0	3	19
ROADMAP 1038
-1	0	22	7
605	0	0	29
-606	0	37	35
7	0	21	30
-606	0	35	20
ROADMAP 1039
610	0	18	49
620	0	0	3
611	0	0	4
606	0	0	3
8	0	19	23
-7	0	69	62
606	0	3	21
ROADMAP 1040
-603	0	15	-1
-1	0	41	7
605	0	0	20
ROADMAP 1041
-1	0	35	7
605	0	0	29
-606	0	37	35
7	0	21	30
-606	0	35	33
ROADMAP 1042
610	0	15	49
620	0	0	3
611	0	0	4
606	0	0	3
8	0	19	23
-7	0	69	62
606	0	3	18
ROADMAP 1043
6	0	5	46
-4	0	24	-1
-2	0	69	65
ROADMAP 1044
5	0	2	45
2	0	0	27
ROADMAP 1045
1013	0	0	1
617	0	0	19
257	0	0	13
5	0	0	37
ROADMAP 1046
6	0	38	46
-4	0	24	-1
-2	0	69	32
ROADMAP 1047
6	0	6	46
-4	0	24	-1
-2	0	69	64
ROADMAP 1048
5	0	30	45
2	0	0	55
ROADMAP 1049
9	0	26	28
-603	0	30	-1
-1	0	41	7
605	0	0	3
ROADMAP 1050
19	0	16	70
26	0	0	5
610	0	0	11
ROADMAP 1051
-1	0	23	7
605	0	0	29
-606	0	37	35
7	0	21	30
-606	0	35	21
ROADMAP 1052
610	0	8	49
620	0	0	3
611	0	0	4
606	0	0	3
8	0	19	23
-7	0	69	62
606	0	3	11
ROADMAP 1053
2	0	16	70
4	0	0	16
ROADMAP 1054
-9	0	3	-1
6	0	0	46
-4	0	24	4
ROADMAP 1055
606	0	24	36
-7	0	29	20
606	0	36	38
-605	0	28	-1
1	0	8	26
ROADMAP 1056
4	0	18	25
-6	0	45	-1
9	0	0	17
ROADMAP 1057
620	0	0	3
611	0	0	4
606	0	0	3
8	0	19	23
-7	0	69	62
606	0	3	36
-7	0	29	20
606	0	36	38
-605	0	28	23
ROADMAP 1058
-603	0	9	-1
-1	0	41	7
605	0	0	26
ROADMAP 1059
19	0	62	70
26	0	0	5
610	0	0	49
620	0	0	3
611	0	0	4
606	0	0	1
ROADMAP 1060
-1	0	39	7
605	0	0	29
-606	0	37	35
7	0	21	28
ROADMAP 1061
-6	0	25	-1
9	0	0	28
-603	0	30	14
ROADMAP 1062
-605	0	15	-1
1	0	8	42
603	0	0	20
ROADMAP 1063
-6	0	44	-1
9	0	0	25
ROADMAP 1064
8	0	22	23
-7	0	69	62
606	0	3	36
-7	0	29	20
606	0	36	38
-605	0	28	10
ROADMAP 1065
-603	0	11	-1
-1	0	41	7
605	0	0	24
ROADMAP 1066
610	0	11	49
620	0	0	3
611	0	0	4
606	0	0	3
8	0	19	23
-7	0	69	62
606	0	3	14
ROADMAP 1067
-605	0	12	-1
1	0	8	42
603	0	0	23
ROADMAP 1068
9	0	1	28
-603	0	30	-1
-1	0	41	29
ROADMAP 1069
2	0	19	70
4	0	0	19
ROADMAP 1070
1	0	12	42
603	0	0	31
-9	0	27	18
ROADMAP 1071
6	0	20	46
-4	0	24	-1
-2	0	69	50
ROADMAP 1072
5	0	1	45
2	0	0	26
ROADMAP 1073
-6	0	29	-1
9	0	0	28
-603	0	30	18
ROADMAP 1074
8	0	22	23
-7	0	69	62
606	0	3	36
-7	0	29	20
606	0	36	38
-605	0	28	10
ROADMAP 1075
1	0	11	42
603	0	0	31
-9	0	27	19
ROADMAP 1076
2	0	36	70
4	0	0	25
-6	0	45	34
ROADMAP 1077
5	0	6	45
2	0	0	31
ROADMAP 1078
6	0	5	46
-4	0	24	-1
-2	0	69	65
ROADMAP 1079
2	0	31	70
4	0	0	25
-6	0	45	39
ROADMAP 1080
1	0	20	42
603	0	0	31
-9	0	27	10
ROADMAP 1081
-603	0	3	-1
-1	0	41	7
605	0	0	29
-606	0	37	35
7	0	21	22
ROADMAP 1082
606	0	0	3
8	0	19	23
-7	0	69	62
606	0	3	36
-7	0	29	20
606	0	36	38
-605	0	28	16
ROADMAP 1083
19	0	32	70
26	0	0	5
610	0	0	27
ROADMAP 1084
-603	0	9	-1
-1	0	41	7
605	0	0	26
ROADMAP 1085
610	0	3	49
620	0	0	3
611	0	0	4
606	0	0	3
8	0	19	23
-7	0	69	62
606	0	3	6
ROADMAP 1086
605	0	4	29
-606	0	37	35
7	0	21	30
-606	0	35	2
7	0	63	64
ROADMAP 1087
-7	0	28	20
606	0	36	38
-605	0	28	-1
1	0	8	39
ROADMAP 1088
-6	0	30	-1
9	0	0	28
-603	0	30	19
ROADMAP 1089
-9	0	5	-1
6	0	0	46
-4	0	24	6
ROADMAP 1090
5	0	26	45
2	0	0	51
ROADMAP 1091
610	0	35	49
620	0	0	3
611	0	0	4
606	0	0	3
8	0	19	23
-7	0	69	62
606	0	3	36
-7	0	29	27
ROADMAP 1092
-603	0	16	-1
-1	0	41	7
605	0	0	19
ROADMAP 1093
2	0	17	70
4	0	0	17
ROADMAP 1094
603	0	18	31
-9	0	27	-1
6	0	0	29
ROADMAP 1095
-605	0	22	-1
1	0	8	42
603	0	0	13
ROADMAP 1096
4	0	23	25
-6	0	45	-1
9	0	0	22
ROADMAP 1097
-1	0	14	7
605	0	0	29
-606	0	37	35
7	0	21	30
-606	0	35	12
ROADMAP 1098
19	0	48	70
26	0	0	5
610	0	0	43
ROADMAP 1099
19	0	41	70
26	0	0	5
610	0	0	36
ROADMAP 1100
-603	0	5	-1
-1	0	41	7
605	0	0	29
-606	0	37	36
ROADMAP 1101
19	0	36	70
26	0	0	5
610	0	0	31
ROADMAP 1102
-606	0	35	2
7	0	63	70
-8	0	22	18
-606	0	2	-1
-611	0	3	-1
-620	0	2	-1
-610	0	48	32
ROADMAP 1103
9	0	24	28
-603	0	30	-1
-1	0	41	7
605	0	0	1
ROADMAP 1104
610	0	21	49
620	0	0	3
611	0	0	4
606	0	0	3
8	0	19	23
-7	0	69	62
606	0	3	24
ROADMAP 1105
-1	0	9	7
605	0	0	29
-606	0	37	35
7	0	21	30
-606	0	35	7
ROADMAP 1106
19	0	23	70
26	0	0	5
610	0	0	18
ROADMAP 1107
-6	0	14	-1
9	0	0	28
-603	0	30	3
ROADMAP 1108
606	0	3	36
-7	0	29	20
606	0	36	38
-605	0	28	2
ROADMAP 1109
9	0	20	28
-603	0	30	-1
-1	0	41	10
ROADMAP 1110
610	0	10	49
620	0	0	3
611	0	0	4
606	0	0	3
8	0	19	23
-7	0	69	62
606	0	3	13
ROADMAP 1111
617	0	18	19
257	0	0	13
5	0	0	45
2	0	0	11
ROADMAP 1112
6	0	4	46
-4	0	24	-1
-2	0	69	66
ROADMAP 1113
610	0	29	49
620	0	0	3
611	0	0	4
606	0	0	3
8	0	19	23
-7	0	69	62
606	0	3	32
ROADMAP 1114
-603	0	9	-1
-1	0	41	7
605	0	0	26
ROADMAP 1115
610	0	5	49
620	0	0	3
611	0	0	4
606	0	0	3
8	0	19	23
-7	0	69	62
606	0	3	8
ROADMAP 1116
-1	0	17	7
605	0	0	29
-606	0	37	35
7	0	21	30
-606	0	35	15
ROADMAP 1117
2	0	46	70
4	0	0	25
-6	0	45	24
ROADMAP 1118
-605	0	23	-1
1	0	8	42
603	0	0	12
ROADMAP 1119
603	0	28	31
-9	0	27	-1
6	0	0	39
ROADMAP 1120
2	0	32	70
4	0	0	25
-6	0	45	38
ROADMAP 1121
-603	0	23	-1
-1	0	41	7
605	0	0	12
ROADMAP 1122
-605	0	24	-1
1	0	8	42
603	0	0	11
ROADMAP 1123
2	0	50	70
4	0	0	25
-6	0	45	20
ROADMAP 1124
-605	0	2	-1
1	0	8	42
603	0	0	31
-9	0	27	25
ROADMAP 1125
-1	0	30	7
605	0	0	29
-606	0	37	35
7	0	21	30
-606	0	35	28
ROADMAP 1126
610	0	39	49
620	0	0	3
611	0	0	4
606	0	0	3
8	0	19	23
-7	0	69	62
606	0	3	36
-7	0	29	23
ROADMAP 1127
6	0	41	46
-4	0	24	-1
-2	0	69	29
ROADMAP 1128
5	0	14	45
2	0	0	39
ROADMAP 1129
19	0	48	70
26	0	0	5
610	0	0	43
ROADMAP 1130
605	0	0	29
-606	0	37	35
7	0	21	30
-606	0	35	5
ROADMAP 1131
606	0	23	36
-7	0	29	20
606	0	36	38
-605	0	28	-1
1	0	8	25
ROADMAP 1132
-6	0	6	-1
9	0	0	28
-603	0	30	-1
-1	0	41	37
ROADMAP 1133
-6	0	30	-1
9	0	0	28
-603	0	30	19
ROADMAP 1134
606	0	33	36
-7	0	29	20
606	0	36	38
-605	0	28	-1
1	0	8	35
ROADMAP 1135
1	0	24	42
603	0	0	31
-9	0	27	6
ROADMAP 1136
9	0	0	28
-603	0	30	-1
-1	0	41	30
ROADMAP 1137
605	0	14	29
-606	0	37	35
7	0	21	30
-606	0	35	2
7	0	63	70
-8	0	22	18
ROADMAP 1138
19	0	50	70
26	0	0	5
610	0	0	45
ROADMAP 1139
605	0	22	29
-606	0	37	35
7	0	21	30
-606	0	35	2
7	0	63	70
-8	0	22	18
-606	0	2	-1
-611	0	3	-1
-620	0	2	1
ROADMAP 1140
19	0	47	70
26	0	0	5
610	0	0	42
ROADMAP 1141
-605	0	7	-1
1	0	8	42
603	0	0	28
ROADMAP 1142
2	0	60	70
4	0	0	25
-6	0	45	10
ROADMAP 1143
-605	0	24	-1
1	0	8	42
603	0	0	11
ROADMAP 1144
2	0	69	70
4	0	0	25
-6	0	45	1
ROADMAP 1145
9	0	21	28
-603	0	30	-1
-1	0	41	9
ROADMAP 1146
19	0	50	70
26	0	0	5
610	0	0	45
ROADMAP 1147
610	0	4	49
620	0	0	3
611	0	0	4
606	0	0	3
8	0	19	23
-7	0	69	62
606	0	3	7
ROADMAP 1148
-1	0	24	7
605	0	0	29
-606	0	37	35
7	0	21	30
-606	0	35	22
ROADMAP 1149
-9	0	20	-1
6	0	0	46
-4	0	24	21
ROADMAP 1150
257	0	12	13
5	0	0	45
2	0	0	24
ROADMAP 1151
603	0	0	31
-9	0	27	-1
6	0	0	11
ROADMAP 1152
2	0	36	70
4	0	0	25
-6	0	45	34
ROADMAP 1153
-6	0	3	-1
9	0	0	28
-603	0	30	-1
-1	0	41	34
ROADMAP 1154
-605	0	15	-1
1	0	8	42
603	0	0	20
ROADMAP 1155
-6	0	2	-1
9	0	0	28
-603	0	30	-1
-1	0	41	33
ROADMAP 1156
-605	0	27	-1
1	0	8	42
603	0	0	8
ROADMAP 1157
5	0	31	45
2	0	0	56
ROADMAP 1158
6	0	11	46
-4	0	24	-1
-2	0	69	59
ROADMAP 1159
610	0	48	49
620	0	0	3
611	0	0	4
606	0	0	3
8	0	19	23
-7	0	69	62
606	0	3	36
-7	0	29	20
606	0	36	38
-605	0	28	24
ROADMAP 1160
-6	0	15	-1
9	0	0	28
-603	0	30	4
ROADMAP 1161
620	0	1	3
611	0	0	4
606	0	0	3
8	0	19	23
-7	0	69	62
606	0	3	36
-7	0	29	20
606	0	36	38
-605	0	28	22
ROADMAP 1162
605	0	15	29
-606	0	37	35
7	0	21	30
-606	0	35	2
7	0	63	70
-8	0	22	18
-606	0	2	1
ROADMAP 1163
2	0	58	70
4	0	0	25
-6	0	45	12
ROADMAP 1164
606	0	8	36
-7	0	29	20
606	0	36	38
-605	0	28	-1
1	0	8	10
ROADMAP 1165
5	0	29	45
2	0	0	54
ROADMAP 1166
1	0	41	42
603	0	0	31
-9	0	27	-1
6	0	0	10
ROADMAP 1167
19	0	16	70
26	0	0	5
610	0	0	11
ROADMAP 1168
-603	0	21	-1
-1	0	41	7
605	0	0	14
ROADMAP 1169
6	0	13	46
-4	0	24	-1
-2	0	69	57
ROADMAP 1170
257	0	1	13
5	0	0	45
2	0	0	13
ROADMAP 1171
26	0	1	5
610	0	0	49
620	0	0	3
611	0	0	4
606	0	0	3
8	0	19	23
-7	0	69	66
ROADMAP 1172
605	0	4	29
-606	0	37	35
7	0	21	30
-606	0	35	2
7	0	63	64
ROADMAP 1173
19	0	20	70
26	0	0	5
610	0	0	15
ROADMAP 1174
-606	0	8	2
7	0	63	70
-8	0	22	18
-606	0	2	-1
-611	0	3	-1
-620	0	2	-1
-610	0	48	5
ROADMAP 1175
2	0	42	70
4	0	0	25
-6	0	45	28
ROADMAP 1176
-9	0	8	-1
6	0	0	46
-4	0	24	9
ROADMAP 1177
-1	0	31	7
605	0	0	29
-606	0	37	35
7	0	21	30
-606	0	35	29
ROADMAP 1178
620	0	0	3
611	0	0	4
606	0	0	3
8	0	19	23
-7	0	69	62
606	0	3	36
-7	0	29	20
606	0	36	38
-605	0	28	23
ROADMAP 1179
5	0	1	45
2	0	0	26
ROADMAP 1180
-9	0	11	-1
6	0	0	46
-4	0	24	12
ROADMAP 1181
5	0	21	45
2	0	0	46
ROADMAP 1182
-9	0	23	-1
6	0	0	46
ROADMAP 1183
5	0	42	45
2	0	0	67
ROADMAP 1184
606	0	36	38
-605	0	28	-1
1	0	8	42
603	0	0	5
ROADMAP 1185
6	0	44	46
-4	0	24	-1
-2	0	69	26
ROADMAP 1186
5	0	15	45
2	0	0	40
ROADMAP 1187
610	0	15	49
620	0	0	3
611	0	0	4
606	0	0	3
8	0	19	23
-7	0	69	62
606	0	3	18
ROADMAP 1188
-603	0	12	-1
-1	0	41	7
605	0	0	23
ROADMAP 1189
-606	0	36	35
7	0	21	30
-606	0	35	2
7	0	63	70
-8	0	22	18
-606	0	2	-1
-611	0	3	-1
-620	0	2	-1
-610	0	48	42
ROADMAP 1190
610	0	12	49
620	0	0	3
611	0	0	4
606	0	0	3
8	0	19	23
-7	0	69	62
606	0	3	15
ROADMAP 1191
2	0	1	70
4	0	0	1
ROADMAP 1192
-605	0	24	-1
1	0	8	42
603	0	0	11
ROADMAP 1193
610	0	20	49
620	0	0	3
611	0	0	4
606	0	0	3
8	0	19	23
-7	0	69	62
606	0	3	23
ROADMAP 1194
-6	0	4	-1
9	0	0	28
-603	0	30	-1
-1	0	41	35
ROADMAP 1195
-6	0	19	-1
9	0	0	28
-603	0	30	8
ROADMAP 1196
610	0	3	49
620	0	0	3
611	0	0	4
606	0	0	3
8	0	19	23
-7	0	69	62
606	0	3	6
ROADMAP 1197
-6	0	8	-1
9	0	0	28
-603	0	30	-1
-1	0	41	39
ROADMAP 1198
1	0	11	42
603	0	0	31
-9	0	27	19
ROADMAP 1199
19	0	48	70
26	0	0	5
610	0	0	43
ROADMAP 1200
-1	0	34	7
605	0	0	29
-606	0	37	35
7	0	21	30
-606	0	35	32
ROADMAP 1201
606	0	11	36
-7	0	29	20
606	0	36	38
-605	0	28	-1
1	0	8	13
ROADMAP 1202
-1	0	37	7
605	0	0	29
-606	0	37	35
7	0	21	30
ROADMAP 1203
5	0	6	45
2	0	0	31
ROADMAP 1204
603	0	2	31
-9	0	27	-1
6	0	0	13
