544	0	31	1
ROADMAP 1
ROADMAP 2
1	0	45	69
ROADMAP 3
1	0	0	69
ROADMAP 4
1	0	45	69
2	0	0	45
ROADMAP 5
1	0	0	69
ROADMAP 6
1	0	45	69
2	0	0	45
ROADMAP 7
1	0	0	69
ROADMAP 8
1	0	45	69
2	0	0	45
ROADMAP 9
1	0	0	69
ROADMAP 10
1	0	45	69
2	0	0	45
ROADMAP 11
1	0	0	69
ROADMAP 12
1	0	45	69
2	0	0	45
ROADMAP 13
1	0	0	69
ROADMAP 14
1	0	45	69
2	0	0	45
ROADMAP 15
1	0	0	69
ROADMAP 16
1	0	45	69
2	0	0	45
ROADMAP 17
1	0	0	69
ROADMAP 18
1	0	45	69
2	0	0	45
ROADMAP 19
1	0	0	69
ROADMAP 20
1	0	45	69
2	0	0	45
ROADMAP 21
1	0	0	69
ROADMAP 22
1	0	45	69
2	0	0	45
ROADMAP 23
1	0	0	69
ROADMAP 24
1	0	45	69
2	0	0	45
ROADMAP 25
1	0	0	69
ROADMAP 26
1	0	45	69
2	0	0	45
ROADMAP 27
1	0	0	69
ROADMAP 28
1	0	45	69
2	0	0	45
ROADMAP 29
1	0	0	69
ROADMAP 30
1	0	45	69
2	0	0	45
ROADMAP 31
1	0	0	69
ROADMAP 32
1	0	45	69
2	0	0	45
ROADMAP 33
1	0	0	69
ROADMAP 34
1	0	45	69
2	0	0	45
ROADMAP 35
1	0	0	69
ROADMAP 36
1	0	45	69
2	0	0	45
ROADMAP 37
1	0	0	69
ROADMAP 38
1	0	45	69
2	0	0	45
ROADMAP 39
1	0	0	69
ROADMAP 40
1	0	45	69
2	0	0	45
ROADMAP 41
1	0	0	69
ROADMAP 42
1	0	45	69
2	0	0	45
ROADMAP 43
1	0	0	69
ROADMAP 44
1	0	45	69
2	0	0	45
ROADMAP 45
1	0	0	69
ROADMAP 46
1	0	45	69
2	0	0	45
ROADMAP 47
1	0	0	69
ROADMAP 48
1	0	45	69
2	0	0	45
ROADMAP 49
1	0	0	69
ROADMAP 50
1	0	45	69
2	0	0	45
ROADMAP 51
1	0	0	69
ROADMAP 52
1	0	45	69
2	0	0	45
ROADMAP 53
1	0	0	69
ROADMAP 54
1	0	45	69
2	0	0	45
ROADMAP 55
1	0	0	69
ROADMAP 56
1	0	45	69
2	0	0	45
ROADMAP 57
1	0	0	69
ROADMAP 58
1	0	45	69
2	0	0	45
ROADMAP 59
1	0	0	69
ROADMAP 60
1	0	45	69
2	0	0	45
ROADMAP 61
1	0	0	69
ROADMAP 62
1	0	45	69
2	0	0	45
ROADMAP 63
1	0	0	69
ROADMAP 64
1	0	45	69
2	0	0	45
ROADMAP 65
1	0	0	69
ROADMAP 66
1	0	45	69
2	0	0	45
ROADMAP 67
1	0	0	69
ROADMAP 68
1	0	45	69
2	0	0	45
ROADMAP 69
1	0	0	69
ROADMAP 70
1	0	45	69
2	0	0	45
ROADMAP 71
1	0	0	69
ROADMAP 72
1	0	45	69
2	0	0	45
ROADMAP 73
1	0	0	69
ROADMAP 74
1	0	45	69
2	0	0	45
ROADMAP 75
1	0	0	69
ROADMAP 76
1	0	45	69
2	0	0	45
ROADMAP 77
1	0	0	69
ROADMAP 78
1	0	45	69
2	0	0	45
ROADMAP 79
1	0	0	69
ROADMAP 80
1	0	45	69
2	0	0	45
ROADMAP 81
1	0	0	69
ROADMAP 82
1	0	45	69
2	0	0	45
ROADMAP 83
1	0	0	69
ROADMAP 84
1	0	45	69
2	0	0	45
ROADMAP 85
1	0	0	69
ROADMAP 86
1	0	45	69
2	0	0	45
ROADMAP 87
1	0	0	69
ROADMAP 88
1	0	45	69
2	0	0	45
ROADMAP 89
1	0	0	69
ROADMAP 90
1	0	45	69
2	0	0	45
ROADMAP 91
1	0	0	69
ROADMAP 92
1	0	45	69
2	0	0	45
ROADMAP 93
1	0	0	69
ROADMAP 94
1	0	45	69
2	0	0	45
ROADMAP 95
1	0	0	69
ROADMAP 96
1	0	45	69
2	0	0	45
ROADMAP 97
1	0	0	69
ROADMAP 98
1	0	45	69
2	0	0	45
ROADMAP 99
1	0	0	69
ROADMAP 100
1	0	45	69
2	0	0	45
ROADMAP 101
ROADMAP 102
ROADMAP 103
ROADMAP 104
ROADMAP 105
-104	0	55	-1
ROADMAP 106
ROADMAP 107
-104	2	69	1
ROADMAP 108
ROADMAP 109
108	0	2	70
ROADMAP 110
107	1	0	2
-104	1	69	2
ROADMAP 111
104	0	7	70
-107	0	1	-1
-110	0	0	-1
ROADMAP 112
102	0	56	70
103	6	0	50
ROADMAP 113
112	0	1	6
103	0	0	65
ROADMAP 114
-105	24	13	-1
104	24	0	32
ROADMAP 115
108	44	0	26
ROADMAP 116
-111	48	3	-1
110	48	0	1
107	48	0	2
-104	48	69	54
ROADMAP 117
115	0	41	44
108	0	0	67
ROADMAP 118
-101	0	15	-1
116	13	0	41
ROADMAP 119
-116	0	20	-1
-118	0	12	-1
101	0	0	36
ROADMAP 120
102	30	0	40
ROADMAP 121
115	28	0	42
ROADMAP 122
116	0	45	48
-111	0	3	-1
110	0	0	1
107	0	0	2
-104	0	69	9
ROADMAP 123
108	0	38	70
109	0	0	2
114	21	0	15
ROADMAP 124
103	0	50	70
-101	17	69	36
ROADMAP 125
ROADMAP 126
ROADMAP 127
-123	0	10	-1
-109	0	1	-1
-108	0	69	12
ROADMAP 128
-126	0	20	-1
106	26	0	23
ROADMAP 129
-115	0	3	-1
-121	0	27	-1
-106	37	69	68
ROADMAP 130
125	0	31	70
ROADMAP 131
115	0	40	44
108	0	0	66
ROADMAP 132
-101	0	31	-1
118	0	0	13
116	0	0	25
ROADMAP 133
103	0	37	70
124	0	0	17
-101	0	69	49
ROADMAP 134
104	0	27	70
-107	0	1	-1
-110	0	0	-1
111	0	0	4
-116	0	47	27
ROADMAP 135
-109	0	1	-1
-108	0	69	1
ROADMAP 136
128	0	6	26
106	0	0	50
ROADMAP 137
116	0	25	48
-111	0	3	-1
110	0	0	1
107	0	0	2
-104	0	69	29
ROADMAP 138
121	0	7	28
115	0	0	44
108	0	0	5
ROADMAP 139
-126	0	54	-1
128	0	0	15
ROADMAP 140
-108	0	41	-1
-115	0	43	15
ROADMAP 141
125	0	69	70
130	0	0	31
-126	4	69	35
ROADMAP 142
-115	0	15	-1
-121	0	27	-1
129	0	0	26
ROADMAP 143
128	0	18	26
106	0	0	62
ROADMAP 144
105	0	12	14
-114	0	23	-1
-123	0	20	-1
-109	0	1	-1
-108	0	69	48
ROADMAP 145
-104	0	14	-1
105	0	0	14
-114	0	23	-1
-123	0	20	3
ROADMAP 146
121	0	14	28
115	0	0	44
108	0	0	12
ROADMAP 147
125	0	33	70
130	0	0	31
141	0	0	2
ROADMAP 148
-115	0	28	-1
-121	0	27	-1
129	0	0	13
ROADMAP 149
-101	0	12	-1
118	0	0	13
116	0	0	44
ROADMAP 150
108	0	23	70
109	0	0	2
123	0	0	21
ROADMAP 151
-106	0	59	-1
-128	0	25	15
ROADMAP 152
125	0	45	70
130	0	0	31
141	0	0	4
-126	0	69	59
ROADMAP 153
-108	0	55	-1
-115	0	43	29
ROADMAP 154
106	0	68	70
-129	0	36	-1
121	0	0	28
115	0	0	3
ROADMAP 155
129	0	10	37
-106	0	69	26
ROADMAP 156
125	40	0	30
ROADMAP 157
-129	0	9	-1
121	0	0	28
115	0	0	32
ROADMAP 158
-104	0	65	-1
105	0	0	4
ROADMAP 159
128	0	0	26
106	0	0	44
ROADMAP 160
-108	0	52	-1
-115	0	43	26
ROADMAP 161
124	0	3	17
-101	0	69	13
ROADMAP 162
104	0	49	70
-107	0	1	-1
-110	0	0	-1
111	0	0	4
-116	0	47	5
ROADMAP 163
-101	0	48	-1
118	0	0	13
116	0	0	8
ROADMAP 164
108	0	24	70
109	0	0	2
123	0	0	21
114	0	0	1
ROADMAP 165
-104	0	18	-1
105	0	0	14
-114	0	23	-1
-123	0	20	7
ROADMAP 166
128	0	18	26
106	0	0	62
ROADMAP 167
-108	0	28	-1
-115	0	43	2
ROADMAP 168
-126	0	63	-1
128	0	0	6
ROADMAP 169
-101	0	40	-1
118	0	0	13
116	0	0	16
ROADMAP 170
121	0	15	28
115	0	0	44
108	0	0	13
ROADMAP 171
102	0	28	70
112	0	0	6
103	0	0	22
ROADMAP 172
101	0	54	70
-124	0	16	-1
-103	0	69	32
ROADMAP 173
-115	0	4	-1
-121	0	27	-1
129	0	0	37
ROADMAP 174
125	0	67	70
130	0	0	31
141	0	0	4
-126	0	69	37
ROADMAP 175
125	0	41	70
130	0	0	31
141	0	0	4
-126	0	69	63
ROADMAP 176
-115	0	21	-1
-121	0	27	-1
129	0	0	20
ROADMAP 177
130	0	8	31
141	0	0	4
-126	0	69	26
ROADMAP 178
-108	0	11	-1
-115	0	43	-1
-121	0	27	13
ROADMAP 179
-118	0	11	-1
101	0	0	58
ROADMAP 180
120	0	25	30
102	0	0	65
ROADMAP 181
103	0	14	70
124	0	0	14
ROADMAP 182
123	0	3	21
114	0	0	24
-105	0	13	-1
104	0	0	14
ROADMAP 183
-104	0	40	-1
105	0	0	14
-114	0	23	8
ROADMAP 184
115	0	25	44
108	0	0	51
ROADMAP 185
112	0	3	6
103	0	0	67
ROADMAP 186
114	0	16	24
-105	0	13	-1
104	0	0	48
ROADMAP 187
102	0	67	70
112	0	0	6
103	0	0	61
ROADMAP 188
-116	0	19	-1
-118	0	12	-1
101	0	0	37
ROADMAP 189
116	0	11	48
-111	0	3	-1
110	0	0	1
107	0	0	2
-104	0	69	43
ROADMAP 190
108	0	47	70
109	0	0	2
123	0	0	21
114	0	0	24
ROADMAP 191
106	0	5	70
-129	0	36	31
ROADMAP 192
-114	0	21	-1
-123	0	20	-1
-109	0	1	-1
-108	0	69	44
ROADMAP 193
-115	0	17	-1
-121	0	27	-1
129	0	0	24
ROADMAP 194
125	0	36	70
130	0	0	31
141	0	0	4
-126	0	69	68
ROADMAP 195
-104	0	30	-1
105	0	0	14
-114	0	23	-1
-123	0	20	19
ROADMAP 196
115	0	27	44
108	0	0	53
ROADMAP 197
104	0	38	70
-107	0	1	-1
-110	0	0	-1
111	0	0	4
-116	0	47	16
ROADMAP 198
102	0	38	70
112	0	0	6
103	0	0	32
ROADMAP 199
103	0	54	70
124	0	0	17
-101	0	69	32
ROADMAP 200
114	0	17	24
-105	0	13	-1
104	0	0	49
ROADMAP 201
125	0	30	70
130	0	0	30
ROADMAP 202
-106	0	65	-1
-128	0	25	21
ROADMAP 203
108	0	50	70
109	0	0	2
123	0	0	21
114	0	0	24
-105	0	13	10
ROADMAP 204
-101	0	49	-1
118	0	0	13
116	0	0	7
ROADMAP 205
-126	0	9	-1
128	0	0	26
106	0	0	34
ROADMAP 206
-123	0	16	-1
-109	0	1	-1
-108	0	69	18
ROADMAP 207
-108	0	14	-1
-115	0	43	-1
-121	0	27	16
ROADMAP 208
-126	0	2	-1
128	0	0	26
106	0	0	41
ROADMAP 209
124	0	8	17
-101	0	69	8
ROADMAP 210
108	0	17	70
109	0	0	2
123	0	0	15
ROADMAP 211
104	0	66	70
-107	0	1	-1
-110	0	0	-1
111	0	0	4
-116	0	47	-1
-118	0	12	1
ROADMAP 212
102	0	28	70
112	0	0	6
103	0	0	22
ROADMAP 213
116	0	19	48
-111	0	3	-1
110	0	0	1
107	0	0	2
-104	0	69	35
ROADMAP 214
-129	0	35	-1
121	0	0	28
115	0	0	6
ROADMAP 215
121	0	17	28
115	0	0	44
108	0	0	15
ROADMAP 216
-114	0	10	-1
-123	0	20	-1
-109	0	1	-1
-108	0	69	33
ROADMAP 217
104	0	55	70
-107	0	1	-1
-110	0	0	-1
111	0	0	4
-116	0	47	-1
ROADMAP 218
103	0	27	70
124	0	0	17
-101	0	69	59
ROADMAP 219
118	0	8	13
116	0	0	48
-111	0	3	-1
110	0	0	1
107	0	0	2
-104	0	69	59
ROADMAP 220
121	0	24	28
115	0	0	44
108	0	0	22
ROADMAP 221
-121	0	24	-1
129	0	0	37
-106	0	69	61
ROADMAP 222
130	0	7	31
141	0	0	4
-126	0	69	27
ROADMAP 223
156	0	1	40
125	0	0	31
ROADMAP 224
-128	0	14	-1
126	0	0	55
ROADMAP 225
-101	0	54	-1
118	0	0	13
116	0	0	2
ROADMAP 226
123	0	13	21
114	0	0	24
-105	0	13	-1
104	0	0	24
ROADMAP 227
123	0	18	21
114	0	0	24
-105	0	13	-1
104	0	0	29
ROADMAP 228
124	0	8	17
-101	0	69	8
ROADMAP 229
115	0	43	44
108	0	0	69
ROADMAP 230
116	0	16	48
-111	0	3	-1
110	0	0	1
107	0	0	2
-104	0	69	38
ROADMAP 231
156	0	3	40
125	0	0	33
ROADMAP 232
129	0	21	37
-106	0	69	15
ROADMAP 233
-116	0	38	-1
-118	0	12	-1
101	0	0	18
ROADMAP 234
120	0	14	30
102	0	0	54
ROADMAP 235
-129	0	35	-1
121	0	0	28
115	0	0	6
ROADMAP 236
105	0	5	14
-114	0	23	-1
-123	0	20	-1
-109	0	1	-1
-108	0	69	55
ROADMAP 237
-129	0	11	-1
121	0	0	28
115	0	0	30
ROADMAP 238
-104	0	69	-1
ROADMAP 239
-126	0	58	-1
128	0	0	11
ROADMAP 240
129	0	9	37
-106	0	69	27
ROADMAP 241
-115	0	18	-1
-121	0	27	-1
129	0	0	23
ROADMAP 242
-126	0	63	-1
128	0	0	6
ROADMAP 243
-116	0	46	-1
-118	0	12	-1
101	0	0	10
ROADMAP 244
102	0	4	70
112	0	0	4
ROADMAP 245
-129	0	10	-1
121	0	0	28
115	0	0	31
ROADMAP 246
116	0	47	48
-111	0	3	-1
110	0	0	1
107	0	0	2
-104	0	69	7
ROADMAP 247
-126	0	19	-1
128	0	0	26
106	0	0	24
ROADMAP 248
-115	0	34	-1
-121	0	27	-1
129	0	0	7
ROADMAP 249
112	0	2	6
103	0	0	66
ROADMAP 250
104	0	59	70
-107	0	1	-1
-110	0	0	-1
111	0	0	4
-116	0	47	-1
-118	0	12	8
ROADMAP 251
-115	0	41	-1
-121	0	27	-1
ROADMAP 252
130	0	8	31
141	0	0	4
-126	0	69	26
ROADMAP 253
102	0	48	70
112	0	0	6
103	0	0	42
ROADMAP 254
104	0	59	70
-107	0	1	-1
-110	0	0	-1
111	0	0	4
-116	0	47	-1
-118	0	12	8
ROADMAP 255
104	0	62	70
-107	0	1	-1
-110	0	0	-1
111	0	0	4
-116	0	47	-1
-118	0	12	5
ROADMAP 256
120	0	15	30
102	0	0	55
ROADMAP 257
121	0	25	28
115	0	0	44
108	0	0	23
ROADMAP 258
-104	0	26	-1
105	0	0	14
-114	0	23	-1
-123	0	20	15
ROADMAP 259
-114	0	9	-1
-123	0	20	-1
-109	0	1	-1
-108	0	69	32
ROADMAP 260
-129	0	3	-1
121	0	0	28
115	0	0	38
ROADMAP 261
-101	0	8	-1
118	0	0	13
116	0	0	48
ROADMAP 262
114	0	4	24
-105	0	13	-1
104	0	0	36
ROADMAP 263
-106	0	64	-1
-128	0	25	20
ROADMAP 264
125	0	37	70
130	0	0	31
141	0	0	4
-126	0	69	67
ROADMAP 265
120	0	2	30
102	0	0	42
ROADMAP 266
104	0	69	70
-107	0	1	-1
-110	0	0	-1
111	0	0	4
-116	0	47	-1
-118	0	12	-1
101	0	0	1
ROADMAP 267
156	0	13	40
125	0	0	43
ROADMAP 268
-106	0	44	-1
-128	0	25	0
ROADMAP 269
104	0	55	70
-107	0	1	-1
-110	0	0	-1
111	0	0	4
-116	0	47	-1
ROADMAP 270
102	0	39	70
112	0	0	6
103	0	0	33
ROADMAP 271
108	0	47	70
109	0	0	2
123	0	0	21
114	0	0	24
ROADMAP 272
103	0	61	70
124	0	0	17
-101	0	69	25
ROADMAP 273
-108	0	61	-1
-115	0	43	35
ROADMAP 274
130	0	14	31
141	0	0	4
-126	0	69	20
ROADMAP 275
106	0	42	70
-129	0	36	-1
121	0	0	5
ROADMAP 276
-104	0	15	-1
105	0	0	14
-114	0	23	-1
-123	0	20	4
ROADMAP 277
103	0	44	70
124	0	0	17
-101	0	69	42
ROADMAP 278
114	0	8	24
-105	0	13	-1
104	0	0	40
ROADMAP 279
-104	0	67	-1
105	0	0	2
ROADMAP 280
121	0	10	28
115	0	0	44
108	0	0	8
ROADMAP 281
-123	0	4	-1
-109	0	1	-1
-108	0	69	6
ROADMAP 282
128	0	6	26
106	0	0	50
ROADMAP 283
129	0	1	37
-106	0	69	35
ROADMAP 284
130	0	22	31
141	0	0	4
-126	0	69	12
ROADMAP 285
-108	0	56	-1
-115	0	43	30
ROADMAP 286
106	0	10	70
-129	0	36	26
ROADMAP 287
-101	0	18	-1
118	0	0	13
116	0	0	38
ROADMAP 288
108	0	48	70
109	0	0	2
123	0	0	21
114	0	0	24
-105	0	13	12
ROADMAP 289
-104	0	3	-1
105	0	0	14
-114	0	23	-1
-123	0	20	-1
-109	0	1	-1
-108	0	69	64
ROADMAP 290
115	0	15	44
108	0	0	41
ROADMAP 291
-103	0	66	-1
-112	0	5	2
ROADMAP 292
120	0	18	30
102	0	0	58
ROADMAP 293
156	0	37	40
125	0	0	67
ROADMAP 294
-106	0	63	-1
-128	0	25	19
ROADMAP 295
106	0	25	70
-129	0	36	11
ROADMAP 296
-104	0	64	-1
105	0	0	5
ROADMAP 297
103	0	61	70
124	0	0	17
-101	0	69	25
ROADMAP 298
108	0	36	70
109	0	0	2
123	0	0	21
114	0	0	13
ROADMAP 299
130	0	20	31
141	0	0	4
-126	0	69	14
ROADMAP 300
-106	0	22	-1
-128	0	25	-1
126	0	0	21
ROADMAP 301
-115	0	14	-1
-121	0	27	-1
129	0	0	27
ROADMAP 302
-126	0	5	-1
128	0	0	26
106	0	0	38
ROADMAP 303
-101	0	24	-1
118	0	0	13
116	0	0	32
ROADMAP 304
108	0	35	70
109	0	0	2
123	0	0	21
114	0	0	12
ROADMAP 305
106	0	49	70
-129	0	36	-1
121	0	0	12
ROADMAP 306
105	0	7	14
-114	0	23	-1
-123	0	20	-1
-109	0	1	-1
-108	0	69	53
ROADMAP 307
104	0	45	70
-107	0	1	-1
-110	0	0	-1
111	0	0	4
-116	0	47	9
ROADMAP 308
103	0	66	70
124	0	0	17
-101	0	69	20
ROADMAP 309
115	0	23	44
108	0	0	49
ROADMAP 310
-101	0	1	-1
118	0	0	13
116	0	0	48
-111	0	3	-1
110	0	0	1
107	0	0	2
ROADMAP 311
114	0	4	24
-105	0	13	-1
104	0	0	36
ROADMAP 312
103	0	28	70
124	0	0	17
-101	0	69	58
ROADMAP 313
-126	0	64	-1
128	0	0	5
ROADMAP 314
-115	0	12	-1
-121	0	27	-1
129	0	0	29
ROADMAP 315
125	0	1	70
130	0	0	1
ROADMAP 316
-106	0	41	-1
-128	0	25	-1
126	0	0	2
ROADMAP 317
126	0	13	70
-141	0	3	-1
-130	0	30	21
ROADMAP 318
125	0	27	70
130	0	0	27
ROADMAP 319
104	0	29	70
-107	0	1	-1
-110	0	0	-1
111	0	0	4
-116	0	47	25
ROADMAP 320
112	0	4	6
103	0	0	68
ROADMAP 321
-116	0	21	-1
-118	0	12	-1
101	0	0	35
ROADMAP 322
103	0	2	70
124	0	0	2
ROADMAP 323
128	0	0	26
106	0	0	44
ROADMAP 324
-123	0	15	-1
-109	0	1	-1
-108	0	69	17
ROADMAP 325
124	0	9	17
-101	0	69	7
ROADMAP 326
108	0	57	70
109	0	0	2
123	0	0	21
114	0	0	24
-105	0	13	3
ROADMAP 327
156	0	14	40
125	0	0	44
ROADMAP 328
129	0	6	37
-106	0	69	30
ROADMAP 329
115	0	31	44
108	0	0	57
ROADMAP 330
116	0	36	48
-111	0	3	-1
110	0	0	1
107	0	0	2
-104	0	69	18
ROADMAP 331
128	0	17	26
106	0	0	61
ROADMAP 332
-115	0	31	-1
-121	0	27	-1
129	0	0	10
ROADMAP 333
-108	0	52	-1
-115	0	43	26
ROADMAP 334
-126	0	23	-1
128	0	0	26
106	0	0	20
ROADMAP 335
-126	0	55	-1
128	0	0	14
ROADMAP 336
-115	0	32	-1
-121	0	27	-1
129	0	0	9
ROADMAP 337
130	0	15	31
141	0	0	4
-126	0	69	19
ROADMAP 338
-115	0	33	-1
-121	0	27	-1
129	0	0	8
ROADMAP 339
116	0	15	48
-111	0	3	-1
110	0	0	1
107	0	0	2
-104	0	69	39
ROADMAP 340
-129	0	24	-1
121	0	0	28
115	0	0	17
ROADMAP 341
-116	0	12	-1
-118	0	12	-1
101	0	0	44
ROADMAP 342
120	0	29	30
102	0	0	69
ROADMAP 343
-126	0	2	-1
128	0	0	26
106	0	0	41
ROADMAP 344
-108	0	56	-1
-115	0	43	30
ROADMAP 345
106	0	64	70
-129	0	36	-1
121	0	0	27
ROADMAP 346
-104	0	16	-1
105	0	0	14
-114	0	23	-1
-123	0	20	5
ROADMAP 347
-106	0	67	-1
-128	0	25	23
ROADMAP 348
125	0	30	70
130	0	0	30
ROADMAP 349
116	0	19	48
-111	0	3	-1
110	0	0	1
107	0	0	2
-104	0	69	35
ROADMAP 350
106	0	65	70
-129	0	36	-1
121	0	0	28
ROADMAP 351
-114	0	18	-1
-123	0	20	-1
-109	0	1	-1
-108	0	69	41
ROADMAP 352
-129	0	30	-1
121	0	0	28
115	0	0	11
ROADMAP 353
-116	0	6	-1
-118	0	12	-1
101	0	0	50
ROADMAP 354
102	0	4	70
112	0	0	4
ROADMAP 355
-129	0	2	-1
121	0	0	28
115	0	0	39
ROADMAP 356
118	0	7	13
116	0	0	48
-111	0	3	-1
110	0	0	1
107	0	0	2
-104	0	69	60
ROADMAP 357
-126	0	49	-1
128	0	0	20
ROADMAP 358
-115	0	24	-1
-121	0	27	-1
129	0	0	17
ROADMAP 359
-104	0	22	-1
105	0	0	14
-114	0	23	-1
-123	0	20	11
ROADMAP 360
121	0	16	28
115	0	0	44
108	0	0	14
ROADMAP 361
-106	0	5	-1
-128	0	25	-1
126	0	0	38
ROADMAP 362
130	0	9	31
141	0	0	4
-126	0	69	25
ROADMAP 363
129	0	12	37
-106	0	69	24
ROADMAP 364
125	0	35	70
130	0	0	31
141	0	0	4
ROADMAP 365
-108	0	55	-1
-115	0	43	29
ROADMAP 366
-126	0	6	-1
128	0	0	26
106	0	0	37
ROADMAP 367
-126	0	8	-1
128	0	0	26
106	0	0	35
ROADMAP 368
-115	0	41	-1
-121	0	27	-1
ROADMAP 369
104	0	31	70
-107	0	1	-1
-110	0	0	-1
111	0	0	4
-116	0	47	23
ROADMAP 370
103	0	1	70
124	0	0	1
ROADMAP 371
102	0	53	70
112	0	0	6
103	0	0	47
ROADMAP 372
101	0	2	70
-124	0	16	14
ROADMAP 373
156	0	4	40
125	0	0	34
ROADMAP 374
129	0	6	37
-106	0	69	30
ROADMAP 375
106	0	17	70
-129	0	36	19
ROADMAP 376
-104	0	44	-1
105	0	0	14
-114	0	23	12
ROADMAP 377
-104	0	11	-1
105	0	0	14
-114	0	23	-1
-123	0	20	0
ROADMAP 378
121	0	12	28
115	0	0	44
108	0	0	10
ROADMAP 379
-101	0	59	-1
118	0	0	10
ROADMAP 380
123	0	18	21
114	0	0	24
-105	0	13	-1
104	0	0	29
ROADMAP 381
-105	0	7	-1
104	0	0	62
ROADMAP 382
102	0	24	70
112	0	0	6
103	0	0	18
ROADMAP 383
116	0	4	48
-111	0	3	-1
110	0	0	1
107	0	0	2
-104	0	69	50
ROADMAP 384
115	0	23	44
108	0	0	49
ROADMAP 385
121	0	3	28
115	0	0	44
108	0	0	1
ROADMAP 386
116	0	45	48
-111	0	3	-1
110	0	0	1
107	0	0	2
-104	0	69	9
ROADMAP 387
103	0	27	70
124	0	0	17
-101	0	69	59
ROADMAP 388
108	0	6	70
109	0	0	2
123	0	0	4
ROADMAP 389
-126	0	13	-1
128	0	0	26
106	0	0	30
ROADMAP 390
-123	0	6	-1
-109	0	1	-1
-108	0	69	8
ROADMAP 391
102	0	34	70
112	0	0	6
103	0	0	28
ROADMAP 392
-116	0	16	-1
-118	0	12	-1
101	0	0	40
ROADMAP 393
156	0	28	40
125	0	0	58
ROADMAP 394
-106	0	50	-1
-128	0	25	6
ROADMAP 395
125	0	46	70
130	0	0	31
141	0	0	4
-126	0	69	58
ROADMAP 396
-115	0	39	-1
-121	0	27	-1
129	0	0	2
ROADMAP 397
108	0	7	70
109	0	0	2
123	0	0	5
ROADMAP 398
-101	0	64	-1
118	0	0	5
ROADMAP 399
-104	0	28	-1
105	0	0	14
-114	0	23	-1
-123	0	20	17
ROADMAP 400
106	0	32	70
-129	0	36	4
ROADMAP 401
102	0	55	70
112	0	0	6
103	0	0	49
ROADMAP 402
104	0	41	70
-107	0	1	-1
-110	0	0	-1
111	0	0	4
-116	0	47	13
ROADMAP 403
156	0	32	40
125	0	0	62
ROADMAP 404
-128	0	14	-1
126	0	0	55
ROADMAP 405
-105	0	1	-1
104	0	0	68
ROADMAP 406
103	0	40	70
124	0	0	17
-101	0	69	46
ROADMAP 407
-101	0	48	-1
118	0	0	13
116	0	0	8
ROADMAP 408
108	0	15	70
109	0	0	2
123	0	0	13
ROADMAP 409
130	0	29	31
141	0	0	4
-126	0	69	5
ROADMAP 410
-108	0	48	-1
-115	0	43	22
ROADMAP 411
106	0	57	70
-129	0	36	-1
121	0	0	20
ROADMAP 412
-114	0	7	-1
-123	0	20	-1
-109	0	1	-1
-108	0	69	30
ROADMAP 413
101	0	3	70
-124	0	16	13
ROADMAP 414
120	0	0	30
102	0	0	40
ROADMAP 415
106	0	23	70
-129	0	36	13
ROADMAP 416
105	0	9	14
-114	0	23	-1
-123	0	20	-1
-109	0	1	-1
-108	0	69	51
ROADMAP 417
-101	0	33	-1
118	0	0	13
116	0	0	23
ROADMAP 418
115	0	38	44
108	0	0	64
ROADMAP 419
-126	0	11	-1
128	0	0	26
106	0	0	32
ROADMAP 420
-108	0	57	-1
-115	0	43	31
ROADMAP 421
121	0	6	28
115	0	0	44
108	0	0	4
ROADMAP 422
-104	0	35	-1
105	0	0	14
-114	0	23	3
ROADMAP 423
108	0	46	70
109	0	0	2
123	0	0	21
114	0	0	23
ROADMAP 424
103	0	65	70
124	0	0	17
-101	0	69	21
ROADMAP 425
-101	0	28	-1
118	0	0	13
116	0	0	28
ROADMAP 426
108	0	0	70
ROADMAP 427
115	0	41	44
108	0	0	67
ROADMAP 428
118	0	9	13
116	0	0	48
-111	0	3	-1
110	0	0	1
107	0	0	2
-104	0	69	58
ROADMAP 429
-105	0	5	-1
104	0	0	64
ROADMAP 430
103	0	20	70
124	0	0	17
-101	0	69	66
ROADMAP 431
124	0	5	17
-101	0	69	11
ROADMAP 432
108	0	5	70
109	0	0	2
123	0	0	3
ROADMAP 433
121	0	26	28
115	0	0	44
108	0	0	24
ROADMAP 434
-104	0	34	-1
105	0	0	14
-114	0	23	2
ROADMAP 435
125	0	20	70
130	0	0	20
ROADMAP 436
-106	0	67	-1
-128	0	25	23
ROADMAP 437
-108	0	66	-1
-115	0	43	40
ROADMAP 438
106	0	29	70
-129	0	36	7
ROADMAP 439
103	0	17	70
124	0	0	17
ROADMAP 440
114	0	23	24
-105	0	13	-1
104	0	0	55
ROADMAP 441
106	0	13	70
-129	0	36	23
ROADMAP 442
-104	0	48	-1
105	0	0	14
-114	0	23	16
ROADMAP 443
102	0	32	70
112	0	0	6
103	0	0	26
ROADMAP 444
104	0	38	70
-107	0	1	-1
-110	0	0	-1
111	0	0	4
-116	0	47	16
ROADMAP 445
120	7	0	30
102	7	0	33
ROADMAP 446
-118	0	7	-1
101	0	0	62
ROADMAP 447
129	0	31	37
-106	0	69	5
ROADMAP 448
125	0	10	70
130	0	0	10
ROADMAP 449
104	0	60	70
-107	0	1	-1
-110	0	0	-1
111	0	0	4
-116	0	47	-1
-118	0	12	7
ROADMAP 450
120	0	26	30
102	0	0	66
ROADMAP 451
-101	0	37	-1
118	0	0	13
116	0	0	19
ROADMAP 452
108	0	4	70
109	0	0	2
123	0	0	2
ROADMAP 453
114	0	23	24
-105	0	13	-1
104	0	0	55
ROADMAP 454
103	0	9	70
124	0	0	9
ROADMAP 455
-104	0	63	-1
105	0	0	6
ROADMAP 456
115	0	40	44
108	0	0	66
ROADMAP 457
445	0	3	7
120	0	0	30
102	0	0	36
ROADMAP 458
104	0	25	70
-107	0	1	-1
-110	0	0	-1
111	0	0	4
-116	0	47	29
ROADMAP 459
123	0	5	21
114	0	0	24
-105	0	13	-1
104	0	0	16
ROADMAP 460
-101	0	19	-1
118	0	0	13
116	0	0	37
ROADMAP 461
115	0	4	44
108	0	0	30
ROADMAP 462
-104	0	52	-1
105	0	0	14
-114	0	23	20
ROADMAP 463
114	0	2	24
-105	0	13	-1
104	0	0	34
ROADMAP 464
-101	0	20	-1
118	0	0	13
116	0	0	36
ROADMAP 465
125	0	34	70
130	0	0	31
141	0	0	3
ROADMAP 466
-121	0	2	-1
129	0	0	37
-106	0	69	39
ROADMAP 467
104	0	53	70
-107	0	1	-1
-110	0	0	-1
111	0	0	4
-116	0	47	1
ROADMAP 468
102	0	51	70
112	0	0	6
103	0	0	45
ROADMAP 469
106	0	19	70
-129	0	36	17
ROADMAP 470
-104	0	15	-1
105	0	0	14
-114	0	23	-1
-123	0	20	4
ROADMAP 471
116	0	42	48
-111	0	3	-1
110	0	0	1
107	0	0	2
-104	0	69	12
ROADMAP 472
115	0	14	44
108	0	0	40
ROADMAP 473
102	0	31	70
112	0	0	6
103	0	0	25
ROADMAP 474
104	0	19	70
-107	0	1	-1
-110	0	0	-1
111	0	0	4
-116	0	47	35
ROADMAP 475
156	2	0	40
125	2	0	28
ROADMAP 476
-128	0	16	-1
126	0	0	53
ROADMAP 477
125	0	36	70
130	0	0	31
141	0	0	4
-126	0	69	68
ROADMAP 478
-121	0	25	-1
129	0	0	37
-106	0	69	62
ROADMAP 479
-121	0	9	-1
129	0	0	37
-106	0	69	46
ROADMAP 480
125	0	26	70
130	0	0	26
ROADMAP 481
103	0	51	70
124	0	0	17
-101	0	69	35
ROADMAP 482
114	0	14	24
-105	0	13	-1
104	0	0	46
ROADMAP 483
104	0	40	70
-107	0	1	-1
-110	0	0	-1
111	0	0	4
-116	0	47	14
ROADMAP 484
103	0	58	70
124	0	0	17
-101	0	69	28
ROADMAP 485
125	0	40	70
130	0	0	31
141	0	0	4
-126	0	69	64
ROADMAP 486
-115	0	25	-1
-121	0	27	-1
129	0	0	16
ROADMAP 487
108	0	51	70
109	0	0	2
123	0	0	21
114	0	0	24
-105	0	13	9
ROADMAP 488
-101	0	54	-1
118	0	0	13
116	0	0	2
ROADMAP 489
116	0	4	48
-111	0	3	-1
110	0	0	1
107	0	0	2
-104	0	69	50
ROADMAP 490
-129	0	4	-1
121	0	0	28
115	0	0	37
ROADMAP 491
104	0	34	70
-107	0	1	-1
-110	0	0	-1
111	0	0	4
-116	0	47	20
ROADMAP 492
103	0	16	70
124	0	0	16
ROADMAP 493
103	0	9	70
124	0	0	9
ROADMAP 494
104	0	56	70
-107	0	1	-1
-110	0	0	-1
111	0	0	4
-116	0	47	-1
-118	0	12	11
ROADMAP 495
-116	0	5	-1
-118	0	12	-1
101	0	0	51
ROADMAP 496
102	0	42	70
112	0	0	6
103	0	0	36
ROADMAP 497
121	0	6	28
115	0	0	44
108	0	0	4
ROADMAP 498
118	0	0	13
116	0	0	48
-111	0	3	-1
110	0	0	1
107	0	0	2
-104	0	69	67
ROADMAP 499
102	0	3	70
112	0	0	3
ROADMAP 500
104	0	21	70
-107	0	1	-1
-110	0	0	-1
111	0	0	4
-116	0	47	33
ROADMAP 501
124	0	0	17
-101	0	69	16
ROADMAP 502
104	0	9	70
-107	0	1	-1
-110	0	0	-1
111	0	0	4
-116	0	47	45
ROADMAP 503
102	0	50	70
112	0	0	6
103	0	0	44
ROADMAP 504
104	0	69	70
-107	0	1	-1
-110	0	0	-1
111	0	0	4
-116	0	47	-1
-118	0	12	-1
101	0	0	1
ROADMAP 505
-107	0	0	-1
-110	0	0	-1
111	0	0	4
-116	0	47	-1
-118	0	12	-1
101	0	0	3
ROADMAP 506
102	0	61	70
112	0	0	6
103	0	0	55
ROADMAP 507
-115	0	13	-1
-121	0	27	-1
129	0	0	28
ROADMAP 508
125	0	19	70
130	0	0	19
ROADMAP 509
-116	0	29	-1
-118	0	12	-1
101	0	0	27
ROADMAP 510
102	0	6	70
112	0	0	6
ROADMAP 511
-104	0	30	-1
105	0	0	14
-114	0	23	10
ROADMAP 512
115	0	31	44
108	0	0	15
ROADMAP 513
-104	0	36	-1
105	0	0	14
-114	0	23	10
511	0	0	6
ROADMAP 514
115	0	41	44
108	0	0	15
512	0	0	42
ROADMAP 515
121	0	27	28
115	0	0	44
108	0	0	15
512	0	0	10
ROADMAP 516
-104	0	63	-1
105	0	0	6
ROADMAP 517
128	0	12	26
106	0	0	56
ROADMAP 518
-514	6	9	-1
-512	6	41	-1
-108	6	14	2
ROADMAP 519
-106	0	7	-1
-128	0	25	-1
126	0	0	36
ROADMAP 520
156	0	7	40
125	0	0	37
ROADMAP 521
116	0	44	48
-111	0	3	-1
110	0	0	1
107	0	0	2
-104	0	69	10
ROADMAP 522
115	0	30	44
108	0	0	15
512	0	0	41
ROADMAP 523
-114	0	23	10
511	0	0	12
ROADMAP 524
-129	0	30	-1
121	0	0	28
115	0	0	11
ROADMAP 525
-115	0	1	-1
-121	0	27	-1
129	0	0	37
-106	0	69	66
ROADMAP 526
125	0	48	70
130	0	0	31
141	0	0	4
-126	0	69	56
ROADMAP 527
102	0	40	70
112	0	0	6
103	0	0	34
ROADMAP 528
104	0	6	70
-107	0	1	-1
-110	0	0	-1
111	0	0	3
ROADMAP 529
-108	0	14	-1
-115	0	43	-1
-121	0	27	16
ROADMAP 530
128	0	1	26
106	0	0	45
ROADMAP 531
106	0	1	70
-129	0	36	35
ROADMAP 532
-114	0	22	10
511	0	0	12
523	0	0	45
ROADMAP 533
105	0	4	14
-114	0	23	10
511	0	0	12
523	0	0	35
ROADMAP 534
-129	0	0	-1
121	0	0	28
115	0	0	41
ROADMAP 535
-126	0	45	-1
128	0	0	24
ROADMAP 536
-115	0	36	-1
-121	0	27	-1
129	0	0	5
ROADMAP 537
-523	0	2	-1
-511	0	11	-1
114	0	11	24
-105	0	13	-1
104	0	0	28
ROADMAP 538
112	0	5	6
103	0	0	69
ROADMAP 539
102	0	63	70
112	0	0	6
103	0	0	57
ROADMAP 540
-523	0	5	-1
-511	0	11	-1
114	0	11	24
-105	0	13	-1
104	0	0	25
ROADMAP 541
-104	0	24	-1
105	0	0	14
-114	0	23	10
511	0	0	12
523	0	0	6
ROADMAP 542
121	0	18	28
115	0	0	44
108	0	0	15
512	0	0	1
ROADMAP 543
512	0	16	42
514	0	0	10
-518	0	5	-1
-532	15	0	-1
-523	15	44	32
ROADMAP 544
-101	0	59	-1
118	0	0	10
